VisitID	Start	End	Side	SideCondition	SideError	TimeError	ConditionError	LickNumber	LickContactTime	LickDuration	AirState	DoorState	LED1State	LED2State	LED3State
0	2016-05-09 18:22:22.01	2016-05-09 18:22:23.31	5	1	0	0	0	0	0	0	0	0	0	0	0
0	2016-05-09 18:22:23.32	2016-05-09 18:22:23.78	5	1	0	0	0	0	0	0	0	0	0	0	0
0	2016-05-09 18:22:26.53	2016-05-09 18:22:26.65	6	-1	1	0	0	0	0	0	0	0	0	0	0
1	2016-05-09 18:22:36.03	2016-05-09 18:22:36.23	5	1	0	0	0	0	0	0	0	0	0	0	0
2	2016-05-09 18:23:08.87	2016-05-09 18:23:09.21	5	1	0	0	0	0	0	0	0	0	0	0	0
3	2016-05-09 18:23:16.75	2016-05-09 18:23:17.59	5	1	0	0	0	0	0	0	0	0	0	0	0
3	2016-05-09 18:23:23.45	2016-05-09 18:23:23.46	5	1	0	0	0	0	0	0	0	0	0	0	0
5	2016-05-09 18:28:52.04	2016-05-09 18:28:52.84	5	1	0	0	0	0	0	0	0	0	0	0	0
9	2016-05-09 18:32:07.34	2016-05-09 18:32:08.54	5	1	0	0	0	0	0	0	0	0	0	0	0
10	2016-05-09 18:35:36.43	2016-05-09 18:35:36.89	6	-1	1	0	0	0	0	0	0	0	0	0	0
10	2016-05-09 18:35:37.18	2016-05-09 18:35:37.45	5	1	0	0	0	0	0	0	0	0	0	0	0
10	2016-05-09 18:35:37.51	2016-05-09 18:35:37.75	5	1	0	0	0	0	0	0	0	0	0	0	0
12	2016-05-09 18:44:13.50	2016-05-09 18:44:14.34	5	1	0	0	0	0	0	0	0	0	0	0	0
12	2016-05-09 18:44:15.92	2016-05-09 18:44:16.34	5	1	0	0	0	0	0	0	0	0	0	0	0
13	2016-05-09 19:06:15.67	2016-05-09 19:06:28.14	5	1	0	0	0	2	0.142	0.265625	0	0	0	0	0
14	2016-05-09 19:06:36.21	2016-05-09 19:06:52.46	5	1	0	0	0	9	0.381	0.921875	0	0	0	0	0
15	2016-05-09 19:06:59.51	2016-05-09 19:07:18.90	5	1	0	0	0	6	0.339	0.734375	0	0	0	0	0
16	2016-05-09 19:11:56.59	2016-05-09 19:12:04.40	5	1	0	0	0	2	0.1	0.25	0	0	0	0	0
17	2016-05-09 19:12:42.21	2016-05-09 19:12:49.20	5	1	0	0	0	7	0.217	0.765625	0	0	0	0	0
18	2016-05-09 19:14:14.29	2016-05-09 19:14:14.93	5	1	0	1	0	0	0	0	0	0	0	0	0
19	2016-05-09 19:15:17.54	2016-05-09 19:15:18.32	5	1	0	1	0	0	0	0	0	0	0	0	0
20	2016-05-09 19:15:37.51	2016-05-09 19:15:37.82	5	1	0	1	0	0	0	0	0	0	0	0	0
21	2016-05-09 19:19:36.68	2016-05-09 19:19:37.07	5	1	0	1	0	0	0	0	0	0	0	0	0
22	2016-05-09 19:40:45.04	2016-05-09 19:40:45.79	5	1	0	1	0	0	0	0	0	0	0	0	0
23	2016-05-09 19:40:57.31	2016-05-09 19:41:07.87	5	1	0	0	0	5	0.481	0.859375	0	0	0	0	0
24	2016-05-09 19:46:22.00	2016-05-09 19:46:27.15	5	1	0	0	0	1	0.071	0.140625	0	0	0	0	0
25	2016-05-09 19:49:09.89	2016-05-09 19:49:16.03	5	1	0	0	0	13	0.528	1.453125	0	0	0	0	0
26	2016-05-09 19:49:23.45	2016-05-09 19:49:23.57	5	1	0	1	0	0	0	0	0	0	0	0	0
27	2016-05-09 19:49:28.85	2016-05-09 19:49:35.90	5	1	0	0	0	5	0.173	0.5625	0	0	0	0	0
28	2016-05-09 19:50:47.42	2016-05-09 19:50:55.65	5	1	0	0	0	11	0.272	1.046875	0	0	0	0	0
29	2016-05-09 19:51:02.92	2016-05-09 19:51:14.51	5	1	0	0	0	10	0.234	0.96875	0	0	0	0	0
30	2016-05-09 19:52:00.51	2016-05-09 19:52:06.37	5	1	0	0	0	10	0.539	1.234375	0	0	0	0	0
31	2016-05-09 19:52:16.40	2016-05-09 19:52:23.21	5	1	0	0	0	6	0.202	0.640625	0	0	0	0	0
32	2016-05-09 19:52:27.37	2016-05-09 19:52:32.50	5	1	0	0	0	10	0.441	1.03125	0	0	0	0	0
33	2016-05-09 19:52:38.87	2016-05-09 19:52:53.92	5	1	0	0	0	15	0.586	1.484375	0	0	0	0	0
34	2016-05-09 19:52:59.03	2016-05-09 19:53:17.09	5	1	0	0	0	13	0.555	1.4375	0	0	0	0	0
35	2016-05-09 19:53:54.76	2016-05-09 19:53:55.46	5	1	0	1	0	0	0	0	0	0	0	0	0
35	2016-05-09 19:53:55.57	2016-05-09 19:53:56.76	5	1	0	1	0	0	0	0	0	0	0	0	0
38	2016-05-09 19:56:27.29	2016-05-09 19:56:35.68	5	1	0	0	0	11	0.316	1.09375	0	0	0	0	0
39	2016-05-09 19:57:28.59	2016-05-09 19:57:34.70	5	1	0	0	0	7	0.399	0.90625	0	0	0	0	0
40	2016-05-09 19:57:40.65	2016-05-09 19:57:48.10	5	1	0	0	0	10	0.651	1.296875	0	0	0	0	0
41	2016-05-09 19:57:57.48	2016-05-09 19:58:05.68	5	1	0	0	0	6	0.272	0.703125	0	0	0	0	0
42	2016-05-09 19:58:15.00	2016-05-09 19:58:24.81	5	1	0	0	0	5	0.326	0.6875	0	0	0	0	0
43	2016-05-09 19:58:31.18	2016-05-09 19:58:38.48	5	1	0	0	0	16	0.448	1.609375	0	0	0	0	0
43	2016-05-09 19:58:38.71	2016-05-09 19:58:40.01	5	1	0	1	0	0	0	0	0	0	0	0	0
43	2016-05-09 19:58:40.10	2016-05-09 19:58:40.15	5	1	0	1	0	0	0	0	0	0	0	0	0
43	2016-05-09 19:58:40.23	2016-05-09 19:58:40.54	5	1	0	1	0	0	0	0	0	0	0	0	0
43	2016-05-09 19:58:40.60	2016-05-09 19:58:40.67	5	1	0	1	0	0	0	0	0	0	0	0	0
43	2016-05-09 19:58:40.78	2016-05-09 19:58:41.65	5	1	0	1	0	0	0	0	0	0	0	0	0
43	2016-05-09 19:58:41.75	2016-05-09 19:58:42.06	5	1	0	1	0	0	0	0	0	0	0	0	0
43	2016-05-09 19:58:42.12	2016-05-09 19:58:42.14	5	1	0	1	0	0	0	0	0	0	0	0	0
44	2016-05-09 19:58:51.56	2016-05-09 19:59:08.46	5	1	0	0	0	6	0.327	0.75	0	0	0	0	0
45	2016-05-09 19:59:18.04	2016-05-09 19:59:24.85	5	1	0	0	0	6	0.145	0.578125	0	0	0	0	0
46	2016-05-09 19:59:31.90	2016-05-09 19:59:43.53	5	1	0	0	0	18	0.445	1.796875	0	0	0	0	0
47	2016-05-09 19:59:50.98	2016-05-09 19:59:55.10	5	1	0	0	0	17	0.473	1.515625	0	0	0	0	0
48	2016-05-09 19:59:58.04	2016-05-09 19:59:59.14	5	1	0	1	0	0	0	0	0	0	0	0	0
49	2016-05-09 20:00:09.21	2016-05-09 20:00:09.57	5	1	0	1	0	0	0	0	0	0	0	0	0
49	2016-05-09 20:00:09.67	2016-05-09 20:00:10.06	5	1	0	1	0	0	0	0	0	0	0	0	0
50	2016-05-09 20:00:35.29	2016-05-09 20:00:42.98	5	1	0	0	0	12	0.458	1.28125	0	0	0	0	0
51	2016-05-09 20:00:53.43	2016-05-09 20:01:00.50	5	1	0	0	0	7	0.385	0.921875	0	0	0	0	0
52	2016-05-09 20:01:04.60	2016-05-09 20:01:04.73	5	1	0	1	0	0	0	0	0	0	0	0	0
53	2016-05-09 20:01:13.46	2016-05-09 20:01:19.79	5	1	0	0	0	10	0.482	1.203125	0	0	0	0	0
54	2016-05-09 20:01:24.26	2016-05-09 20:01:29.59	5	1	0	0	0	16	0.683	1.796875	0	0	0	0	0
55	2016-05-09 20:01:35.29	2016-05-09 20:01:42.84	5	1	0	0	0	15	0.559	1.671875	0	0	0	0	0
56	2016-05-09 20:01:57.39	2016-05-09 20:02:03.79	5	1	0	0	0	7	0.383	0.8125	0	0	0	0	0
57	2016-05-09 20:02:15.35	2016-05-09 20:02:24.09	5	1	0	0	0	10	0.329	1.015625	0	0	0	0	0
58	2016-05-09 20:02:28.23	2016-05-09 20:02:33.59	5	1	0	0	0	17	0.6	1.78125	0	0	0	0	0
59	2016-05-09 20:02:39.03	2016-05-09 20:02:39.32	5	1	0	1	0	0	0	0	0	0	0	0	0
59	2016-05-09 20:02:40.01	2016-05-09 20:02:40.26	5	1	0	1	0	0	0	0	0	0	0	0	0
59	2016-05-09 20:02:40.29	2016-05-09 20:02:40.75	5	1	0	1	0	0	0	0	0	0	0	0	0
60	2016-05-09 20:03:10.65	2016-05-09 20:03:22.85	5	1	0	0	0	8	0.147	0.640625	0	0	0	0	0
61	2016-05-09 20:04:13.20	2016-05-09 20:04:32.15	5	1	0	0	0	26	0.85	1.96875	0	0	0	0	0
62	2016-05-09 20:05:26.23	2016-05-09 20:05:34.29	5	1	0	0	0	5	0.326	0.65625	0	0	0	0	0
63	2016-05-09 20:05:40.76	2016-05-09 20:05:48.15	5	1	0	0	0	11	0.389	1.21875	0	0	0	0	0
64	2016-05-09 20:06:07.07	2016-05-09 20:06:25.71	5	1	0	0	0	13	0.36	1.234375	0	0	0	0	0
65	2016-05-09 20:07:06.09	2016-05-09 20:07:11.64	5	1	0	0	0	4	0.171	0.46875	0	0	0	0	0
66	2016-05-09 20:07:18.10	2016-05-09 20:07:25.15	5	1	0	0	0	10	0.47	1.125	0	0	0	0	0
67	2016-05-09 20:07:33.20	2016-05-09 20:07:40.06	5	1	0	0	0	7	0.245	0.78125	0	0	0	0	0
68	2016-05-09 20:07:48.48	2016-05-09 20:07:55.45	5	1	0	0	0	12	0.373	1.296875	0	0	0	0	0
69	2016-05-09 20:08:17.01	2016-05-09 20:08:23.75	5	1	0	0	0	7	0.44	0.96875	0	0	0	0	0
70	2016-05-09 20:08:32.76	2016-05-09 20:08:42.25	5	1	0	0	0	6	0.286	0.71875	0	0	0	0	0
71	2016-05-09 20:08:55.15	2016-05-09 20:09:01.71	5	1	0	0	0	8	0.455	1	0	0	0	0	0
72	2016-05-09 20:09:35.39	2016-05-09 20:09:41.82	5	1	0	0	0	8	0.203	0.8125	0	0	0	0	0
73	2016-05-09 20:09:48.98	2016-05-09 20:09:54.01	5	1	0	0	0	9	0.302	0.953125	0	0	0	0	0
74	2016-05-09 20:09:57.39	2016-05-09 20:09:58.09	5	1	0	1	0	0	0	0	0	0	0	0	0
75	2016-05-09 20:10:59.06	2016-05-09 20:11:06.40	5	1	0	0	0	15	0.601	1.625	0	0	0	0	0
76	2016-05-09 20:11:11.18	2016-05-09 20:11:11.21	5	1	0	1	0	0	0	0	0	0	0	0	0
76	2016-05-09 20:11:11.28	2016-05-09 20:11:11.32	5	1	0	1	0	0	0	0	0	0	0	0	0
77	2016-05-09 20:15:21.32	2016-05-09 20:15:29.37	5	1	0	0	0	8	0.274	0.90625	0	0	0	0	0
78	2016-05-09 20:15:42.31	2016-05-09 20:16:01.40	5	1	0	0	0	14	0.39	1.40625	0	0	0	0	0
80	2016-05-09 20:16:41.85	2016-05-09 20:16:50.34	5	1	0	0	0	10	0.232	0.90625	0	0	0	0	0
81	2016-05-09 20:17:07.54	2016-05-09 20:17:29.43	5	1	0	0	0	9	0.261	0.890625	0	0	0	0	0
82	2016-05-09 20:17:56.57	2016-05-09 20:17:56.84	5	1	0	1	0	0	0	0	0	0	0	0	0
82	2016-05-09 20:17:59.25	2016-05-09 20:17:59.73	5	1	0	1	0	0	0	0	0	0	0	0	0
83	2016-05-09 20:19:12.85	2016-05-09 20:19:19.45	5	1	0	0	0	7	0.579	1.03125	0	0	0	0	0
84	2016-05-09 20:19:24.98	2016-05-09 20:19:32.04	5	1	0	0	0	15	0.629	1.75	0	0	0	0	0
85	2016-05-09 20:19:40.43	2016-05-09 20:19:47.25	5	1	0	0	0	10	0.331	1.03125	0	0	0	0	0
86	2016-05-09 20:20:09.64	2016-05-09 20:20:17.89	5	1	0	0	0	6	0.411	0.875	0	0	0	0	0
86	2016-05-09 20:20:25.56	2016-05-09 20:20:25.60	5	1	0	1	0	0	0	0	0	0	0	0	0
86	2016-05-09 20:20:25.75	2016-05-09 20:20:26.35	5	1	0	1	0	0	0	0	0	0	0	0	0
87	2016-05-09 20:20:32.87	2016-05-09 20:20:40.26	5	1	0	0	0	13	0.389	1.328125	0	0	0	0	0
88	2016-05-09 20:20:48.09	2016-05-09 20:20:58.04	5	1	0	0	0	10	0.694	1.421875	0	0	0	0	0
90	2016-05-09 20:22:11.28	2016-05-09 20:22:11.29	5	1	0	1	0	0	0	0	0	0	0	0	0
90	2016-05-09 20:22:11.31	2016-05-09 20:22:11.50	5	1	0	1	0	0	0	0	0	0	0	0	0
90	2016-05-09 20:22:20.76	2016-05-09 20:22:21.17	6	-1	1	1	0	0	0	0	0	0	0	0	0
91	2016-05-09 20:22:27.43	2016-05-09 20:22:34.15	5	1	0	0	0	3	0.157	0.375	0	0	0	0	0
92	2016-05-09 20:22:40.43	2016-05-09 20:22:55.76	5	1	0	0	0	12	0.43	1.34375	0	0	0	0	0
93	2016-05-09 20:23:02.03	2016-05-09 20:23:16.78	5	1	0	0	0	7	0.231	0.78125	0	0	0	0	0
94	2016-05-09 20:23:23.82	2016-05-09 20:23:32.73	5	1	0	0	0	8	0.393	0.953125	0	0	0	0	0
95	2016-05-09 20:23:36.85	2016-05-09 20:23:43.43	5	1	0	0	0	9	0.233	0.921875	0	0	0	0	0
96	2016-05-09 20:23:58.23	2016-05-09 20:24:04.84	5	1	0	0	0	9	1.169	1.796875	0	0	0	0	0
97	2016-05-09 20:26:02.60	2016-05-09 20:26:12.04	5	1	0	0	0	7	0.142	0.59375	0	0	0	0	0
98	2016-05-09 20:26:19.68	2016-05-09 20:26:30.53	5	1	0	0	0	1	0.043	0.125	0	0	0	0	0
98	2016-05-09 20:26:38.40	2016-05-09 20:26:38.81	5	1	0	1	0	0	0	0	0	0	0	0	0
98	2016-05-09 20:26:38.87	2016-05-09 20:26:39.79	5	1	0	1	0	0	0	0	0	0	0	0	0
99	2016-05-09 20:26:49.79	2016-05-09 20:27:02.98	5	1	0	0	0	4	0.13	0.4375	0	0	0	0	0
100	2016-05-09 20:27:10.17	2016-05-09 20:27:23.04	5	1	0	0	0	7	0.132	0.625	0	0	0	0	0
101	2016-05-09 20:27:29.71	2016-05-09 20:27:42.98	5	1	0	0	0	4	0.102	0.390625	0	0	0	0	0
102	2016-05-09 20:28:36.75	2016-05-09 20:28:48.26	5	1	0	0	0	7	0.145	0.59375	0	0	0	0	0
103	2016-05-09 20:28:55.82	2016-05-09 20:28:56.03	5	1	0	1	0	0	0	0	0	0	0	0	0
104	2016-05-09 20:29:02.70	2016-05-09 20:29:09.35	5	1	0	0	0	12	0.456	1.234375	0	0	0	0	0
105	2016-05-09 20:29:22.28	2016-05-09 20:29:27.98	5	1	0	0	0	11	0.442	1.25	0	0	0	0	0
106	2016-05-09 20:29:36.87	2016-05-09 20:29:46.09	5	1	0	0	0	13	0.362	1.265625	0	0	0	0	0
106	2016-05-09 20:29:46.12	2016-05-09 20:29:46.15	5	1	0	1	0	0	0	0	0	0	0	0	0
107	2016-05-09 20:39:27.20	2016-05-09 20:39:34.60	5	1	0	0	0	11	1.832	2.6875	0	0	0	0	0
107	2016-05-09 20:39:41.37	2016-05-09 20:39:41.45	5	1	0	1	0	0	0	0	0	0	0	0	0
108	2016-05-09 20:40:03.07	2016-05-09 20:40:09.70	5	1	0	0	0	7	0.203	0.6875	0	0	0	0	0
109	2016-05-09 20:40:17.81	2016-05-09 20:40:26.68	5	1	0	0	0	7	0.216	0.703125	0	0	0	0	0
110	2016-05-09 20:40:32.98	2016-05-09 20:40:47.39	5	1	0	0	0	13	0.333	1.15625	0	0	0	0	0
111	2016-05-09 20:40:54.95	2016-05-09 20:41:09.87	5	1	0	0	0	6	0.146	0.546875	0	0	0	0	0
112	2016-05-09 21:02:17.20	2016-05-09 21:02:23.90	5	1	0	0	0	18	1.126	2.203125	0	0	0	0	0
113	2016-05-09 21:07:47.59	2016-05-09 21:07:57.57	5	1	0	0	0	13	0.468	1.375	0	0	0	0	0
114	2016-05-09 21:08:07.85	2016-05-09 21:08:23.59	5	1	0	0	0	13	0.445	1.3125	0	0	0	0	0
115	2016-05-09 21:08:42.04	2016-05-09 21:08:55.64	5	1	0	0	0	5	0.215	0.515625	0	0	0	0	0
116	2016-05-09 21:09:03.07	2016-05-09 21:09:03.31	5	1	0	1	0	0	0	0	0	0	0	0	0
116	2016-05-09 21:09:06.60	2016-05-09 21:09:06.76	5	1	0	1	0	0	0	0	0	0	0	0	0
117	2016-05-09 21:10:02.31	2016-05-09 21:10:02.87	5	1	0	1	0	0	0	0	0	0	0	0	0
117	2016-05-09 21:10:03.07	2016-05-09 21:10:03.53	5	1	0	1	0	0	0	0	0	0	0	0	0
118	2016-05-09 21:13:05.07	2016-05-09 21:13:14.84	5	1	0	0	0	9	1.335	1.84375	0	0	0	0	0
119	2016-05-09 21:13:21.68	2016-05-09 21:13:33.45	5	1	0	0	0	10	1.342	1.640625	0	0	0	0	0
120	2016-05-09 21:13:55.14	2016-05-09 21:13:55.48	5	1	0	1	0	0	0	0	0	0	0	0	0
121	2016-05-09 21:14:32.68	2016-05-09 21:14:50.64	5	1	0	0	0	13	0.751	1.59375	0	0	0	0	0
122	2016-05-09 21:15:21.39	2016-05-09 21:15:28.10	5	1	0	0	0	8	0.554	1.125	0	0	0	0	0
122	2016-05-09 21:15:28.12	2016-05-09 21:15:28.12	5	1	0	1	0	0	0	0	0	0	0	0	0
123	2016-05-09 21:15:48.20	2016-05-09 21:15:48.59	5	1	0	1	0	0	0	0	0	0	0	0	0
124	2016-05-09 21:16:18.92	2016-05-09 21:16:26.01	5	1	0	0	0	11	0.948	1.6875	0	0	0	0	0
125	2016-05-09 21:16:33.45	2016-05-09 21:16:40.79	5	1	0	0	0	7	0.425	0.875	0	0	0	0	0
126	2016-05-09 21:16:58.67	2016-05-09 21:17:04.76	5	1	0	0	0	7	0.481	0.9375	0	0	0	0	0
127	2016-05-09 21:17:11.06	2016-05-09 21:17:19.42	5	1	0	0	0	10	0.275	0.90625	0	0	0	0	0
128	2016-05-09 21:21:45.65	2016-05-09 21:21:55.81	5	1	0	0	0	12	0.582	1.28125	0	0	0	0	0
130	2016-05-09 21:22:17.40	2016-05-09 21:22:24.09	5	1	0	0	0	11	0.775	1.40625	0	0	0	0	0
131	2016-05-09 21:22:30.21	2016-05-09 21:22:37.15	5	1	0	0	0	11	0.804	1.484375	0	0	0	0	0
132	2016-05-09 21:22:42.00	2016-05-09 21:22:48.73	5	1	0	0	0	5	1.864	2.25	0	0	0	0	0
133	2016-05-09 21:22:53.81	2016-05-09 21:23:00.54	5	1	0	0	0	12	0.927	1.59375	0	0	0	0	0
134	2016-05-09 21:23:15.82	2016-05-09 21:23:16.17	5	1	0	1	0	0	0	0	0	0	0	0	0
135	2016-05-09 21:23:25.25	2016-05-09 21:23:31.29	5	1	0	0	0	10	0.706	1.3125	0	0	0	0	0
136	2016-05-09 21:23:36.73	2016-05-09 21:23:44.96	5	1	0	0	0	7	0.454	0.921875	0	0	0	0	0
137	2016-05-09 21:24:36.29	2016-05-09 21:24:41.23	5	1	0	0	0	4	0.116	0.390625	0	0	0	0	0
138	2016-05-09 21:24:47.82	2016-05-09 21:24:51.43	5	1	0	0	0	1	0.071	0.140625	0	0	0	0	0
139	2016-05-09 21:24:57.89	2016-05-09 21:25:05.10	5	1	0	0	0	14	0.865	1.859375	0	0	0	0	0
140	2016-05-09 21:26:55.54	2016-05-09 21:27:00.23	5	1	0	0	0	11	0.429	1.234375	0	0	0	0	0
141	2016-05-09 21:27:08.20	2016-05-09 21:27:12.76	5	1	0	0	0	9	0.592	1.125	0	0	0	0	0
142	2016-05-09 21:27:43.92	2016-05-09 21:27:44.28	5	1	0	1	0	0	0	0	0	0	0	0	0
143	2016-05-09 21:27:57.84	2016-05-09 21:28:18.46	5	1	0	0	0	7	1.014	1.53125	0	0	0	0	0
144	2016-05-09 21:28:30.00	2016-05-09 21:28:36.42	5	1	0	0	0	14	0.543	1.546875	0	0	0	0	0
145	2016-05-09 21:28:41.64	2016-05-09 21:28:46.57	5	1	0	0	0	12	1.319	1.984375	0	0	0	0	0
146	2016-05-09 21:28:51.75	2016-05-09 21:28:58.14	5	1	0	0	0	6	0.216	0.65625	0	0	0	0	0
147	2016-05-09 21:29:06.31	2016-05-09 21:29:06.42	5	1	0	1	0	0	0	0	0	0	0	0	0
148	2016-05-09 21:29:13.34	2016-05-09 21:29:31.40	5	1	0	0	0	15	0.552	1.515625	0	0	0	0	0
149	2016-05-09 21:29:48.85	2016-05-09 21:29:58.09	5	1	0	0	0	8	0.175	0.671875	0	0	0	0	0
150	2016-05-09 21:30:18.95	2016-05-09 21:30:25.54	5	1	0	0	0	10	0.162	0.796875	0	0	0	0	0
151	2016-05-09 21:30:33.07	2016-05-09 21:30:40.92	5	1	0	0	0	5	0.172	0.5	0	0	0	0	0
152	2016-05-09 21:30:47.76	2016-05-09 21:30:48.67	5	1	0	1	0	0	0	0	0	0	0	0	0
153	2016-05-09 21:32:41.17	2016-05-09 21:32:57.18	5	1	0	0	0	7	0.466	0.921875	0	0	0	0	0
154	2016-05-09 21:33:00.75	2016-05-09 21:33:01.17	5	1	0	1	0	0	0	0	0	0	0	0	0
154	2016-05-09 21:33:22.57	2016-05-09 21:33:23.21	5	1	0	1	0	0	0	0	0	0	0	0	0
155	2016-05-09 21:33:31.48	2016-05-09 21:33:35.42	5	1	0	0	0	16	1.152	1.875	0	0	0	0	0
156	2016-05-09 21:33:42.92	2016-05-09 21:33:50.35	5	1	0	0	0	15	0.349	1.4375	0	0	0	0	0
157	2016-05-09 21:34:02.90	2016-05-09 21:34:08.92	5	1	0	0	0	8	0.188	0.71875	0	0	0	0	0
157	2016-05-09 21:34:14.32	2016-05-09 21:34:14.54	5	1	0	1	0	0	0	0	0	0	0	0	0
158	2016-05-09 21:34:25.21	2016-05-09 21:34:33.32	5	1	0	0	0	12	1.467	2.3125	0	0	0	0	0
159	2016-05-09 21:34:42.40	2016-05-09 21:34:50.50	5	1	0	0	0	7	0.397	0.90625	0	0	0	0	0
160	2016-05-09 21:35:03.93	2016-05-09 21:35:13.51	5	1	0	0	0	6	0.3	0.734375	0	0	0	0	0
161	2016-05-09 21:35:26.64	2016-05-09 21:35:33.75	5	1	0	0	0	4	1.109	1.375	0	0	0	0	0
162	2016-05-09 21:35:44.32	2016-05-09 21:35:58.06	5	1	0	0	0	7	0.566	1.046875	0	0	0	0	0
163	2016-05-09 21:37:30.31	2016-05-09 21:37:37.84	5	1	0	0	0	7	0.777	1.265625	0	0	0	0	0
164	2016-05-09 21:37:47.09	2016-05-09 21:37:59.01	5	1	0	0	0	10	1.071	1.640625	0	0	0	0	0
164	2016-05-09 21:38:06.06	2016-05-09 21:38:06.48	5	1	0	1	0	0	0	0	0	0	0	0	0
165	2016-05-09 21:40:36.31	2016-05-09 21:40:43.39	5	1	0	0	0	7	0.202	0.6875	0	0	0	0	0
166	2016-05-09 21:40:51.34	2016-05-09 21:40:59.03	5	1	0	0	0	10	0.246	0.890625	0	0	0	0	0
167	2016-05-09 21:41:03.70	2016-05-09 21:41:14.53	5	1	0	0	0	8	0.259	0.796875	0	0	0	0	0
168	2016-05-09 21:41:21.73	2016-05-09 21:41:31.15	5	1	0	0	0	4	0.06	0.390625	0	0	0	0	0
169	2016-05-09 21:41:39.25	2016-05-09 21:41:51.45	5	1	0	0	0	6	0.2	0.5625	0	0	0	0	0
170	2016-05-09 21:43:23.29	2016-05-09 21:43:30.00	5	1	0	0	0	14	0.655	1.65625	0	0	0	0	0
171	2016-05-09 21:43:36.57	2016-05-09 21:43:36.59	5	1	0	1	0	0	0	0	0	0	0	0	0
171	2016-05-09 21:43:36.85	2016-05-09 21:43:37.37	5	1	0	1	0	0	0	0	0	0	0	0	0
172	2016-05-09 21:43:54.70	2016-05-09 21:44:01.71	5	1	0	0	0	7	0.231	0.734375	0	0	0	0	0
173	2016-05-09 21:44:10.01	2016-05-09 21:44:21.12	5	1	0	0	0	11	0.61	1.34375	0	0	0	0	0
174	2016-05-09 21:44:34.68	2016-05-09 21:44:42.31	5	1	0	0	0	13	0.473	1.46875	0	0	0	0	0
175	2016-05-09 21:45:05.17	2016-05-09 21:45:15.64	5	1	0	0	0	5	0.159	0.53125	0	0	0	0	0
176	2016-05-09 21:45:22.15	2016-05-09 21:45:23.64	5	1	0	1	0	0	0	0	0	0	0	0	0
177	2016-05-09 21:45:35.32	2016-05-09 21:45:35.46	5	1	0	1	0	0	0	0	0	0	0	0	0
177	2016-05-09 21:45:36.53	2016-05-09 21:45:36.82	5	1	0	1	0	0	0	0	0	0	0	0	0
178	2016-05-09 21:46:40.32	2016-05-09 21:46:51.15	5	1	0	0	0	13	0.502	1.390625	0	0	0	0	0
179	2016-05-09 21:47:00.90	2016-05-09 21:47:17.64	5	1	0	0	0	7	0.16	0.640625	0	0	0	0	0
180	2016-05-09 21:47:27.76	2016-05-09 21:47:48.06	5	1	0	0	0	11	0.206	1.046875	0	0	0	0	0
181	2016-05-09 21:48:20.60	2016-05-09 21:48:30.59	5	1	0	0	0	8	0.244	0.78125	0	0	0	0	0
182	2016-05-09 21:48:45.48	2016-05-09 21:48:57.78	5	1	0	0	0	11	0.344	1.09375	0	0	0	0	0
183	2016-05-09 21:49:07.53	2016-05-09 21:49:24.95	5	1	0	0	0	7	0.173	0.625	0	0	0	0	0
183	2016-05-09 21:49:34.48	2016-05-09 21:49:35.28	5	1	0	1	0	0	0	0	0	0	0	0	0
184	2016-05-09 21:50:49.54	2016-05-09 21:50:49.62	5	1	0	1	0	0	0	0	0	0	0	0	0
185	2016-05-09 21:50:59.89	2016-05-09 21:51:12.78	5	1	0	0	0	14	0.388	1.34375	0	0	0	0	0
186	2016-05-09 21:51:17.64	2016-05-09 21:51:22.75	5	1	0	0	0	6	0.104	0.515625	0	0	0	0	0
187	2016-05-09 21:51:38.35	2016-05-09 21:51:45.29	5	1	0	0	0	7	0.132	0.59375	0	0	0	0	0
187	2016-05-09 21:51:50.17	2016-05-09 21:51:50.60	5	1	0	1	0	0	0	0	0	0	0	0	0
188	2016-05-09 21:52:48.50	2016-05-09 21:53:05.18	5	1	0	0	0	12	0.403	1.21875	0	0	0	0	0
189	2016-05-09 21:53:30.15	2016-05-09 21:53:35.46	5	1	0	0	0	8	0.274	0.8125	0	0	0	0	0
190	2016-05-09 21:53:45.42	2016-05-09 21:53:51.53	5	1	0	0	0	6	0.117	0.515625	0	0	0	0	0
191	2016-05-09 21:54:07.15	2016-05-09 21:54:15.85	5	1	0	0	0	9	0.219	0.890625	0	0	0	0	0
192	2016-05-09 21:54:46.59	2016-05-09 21:54:46.79	6	-1	1	0	0	0	0	0	0	0	0	0	0
192	2016-05-09 21:54:56.90	2016-05-09 21:54:57.34	5	1	0	1	0	0	0	0	0	0	0	0	0
193	2016-05-09 21:55:04.25	2016-05-09 21:55:04.50	5	1	0	1	0	0	0	0	0	0	0	0	0
194	2016-05-09 21:55:13.68	2016-05-09 21:55:20.62	5	1	0	0	0	16	0.408	1.578125	0	0	0	0	0
195	2016-05-09 21:56:01.57	2016-05-09 21:56:01.85	5	1	0	1	0	0	0	0	0	0	0	0	0
195	2016-05-09 21:56:17.31	2016-05-09 21:56:17.48	6	-1	1	1	0	0	0	0	0	0	0	0	0
197	2016-05-09 21:56:44.48	2016-05-09 21:56:58.18	5	1	0	0	0	8	0.526	1.109375	0	0	0	0	0
198	2016-05-09 21:57:04.34	2016-05-09 21:57:23.62	5	1	0	0	0	7	0.327	0.75	0	0	0	0	0
199	2016-05-09 21:57:34.67	2016-05-09 21:57:34.84	5	1	0	1	0	0	0	0	0	0	0	0	0
200	2016-05-09 21:57:50.60	2016-05-09 21:57:50.67	5	1	0	1	0	0	0	0	0	0	0	0	0
200	2016-05-09 21:57:52.32	2016-05-09 21:57:52.87	5	1	0	1	0	0	0	0	0	0	0	0	0
200	2016-05-09 21:57:54.92	2016-05-09 21:57:56.04	6	-1	1	1	0	0	0	0	0	0	0	0	0
200	2016-05-09 21:57:56.09	2016-05-09 21:57:56.12	6	-1	1	1	0	0	0	0	0	0	0	0	0
200	2016-05-09 21:57:56.71	2016-05-09 21:57:58.15	6	-1	1	1	0	0	0	0	0	0	0	0	0
200	2016-05-09 21:57:58.21	2016-05-09 21:57:58.28	6	-1	1	1	0	0	0	0	0	0	0	0	0
200	2016-05-09 21:57:58.32	2016-05-09 21:57:58.40	6	-1	1	1	0	0	0	0	0	0	0	0	0
200	2016-05-09 21:57:58.56	2016-05-09 21:57:58.67	6	-1	1	1	0	0	0	0	0	0	0	0	0
200	2016-05-09 21:57:58.68	2016-05-09 21:57:58.84	6	-1	1	1	0	0	0	0	0	0	0	0	0
200	2016-05-09 21:57:58.93	2016-05-09 21:58:00.14	6	-1	1	1	0	0	0	0	0	0	0	0	0
200	2016-05-09 21:58:00.18	2016-05-09 21:58:00.20	6	-1	1	1	0	0	0	0	0	0	0	0	0
200	2016-05-09 21:58:00.28	2016-05-09 21:58:00.57	6	-1	1	1	0	0	0	0	0	0	0	0	0
200	2016-05-09 21:58:05.93	2016-05-09 21:58:06.26	6	-1	1	1	0	0	0	0	0	0	0	0	0
200	2016-05-09 21:58:06.29	2016-05-09 21:58:06.65	6	-1	1	1	0	0	0	0	0	0	0	0	0
200	2016-05-09 21:58:07.12	2016-05-09 21:58:07.45	6	-1	1	1	0	0	0	0	0	0	0	0	0
200	2016-05-09 21:58:07.82	2016-05-09 21:58:08.57	6	-1	1	1	0	0	0	0	0	0	0	0	0
200	2016-05-09 21:58:08.89	2016-05-09 21:58:09.29	6	-1	1	1	0	0	0	0	0	0	0	0	0
200	2016-05-09 21:58:09.62	2016-05-09 21:58:10.04	6	-1	1	1	0	0	0	0	0	0	0	0	0
200	2016-05-09 21:58:10.17	2016-05-09 21:58:10.28	6	-1	1	1	0	0	0	0	0	0	0	0	0
201	2016-05-09 21:58:31.07	2016-05-09 21:58:38.40	5	1	0	0	0	15	0.78	1.75	0	0	0	0	0
202	2016-05-09 21:58:54.07	2016-05-09 21:58:54.18	6	-1	1	0	0	0	0	0	0	0	0	0	0
202	2016-05-09 21:58:56.09	2016-05-09 21:58:56.17	6	-1	1	0	0	0	0	0	0	0	0	0	0
202	2016-05-09 21:58:57.18	2016-05-09 21:58:59.34	6	-1	1	0	0	0	0	0	0	0	0	0	0
202	2016-05-09 21:58:59.51	2016-05-09 21:59:00.20	5	1	0	1	0	0	0	0	0	0	0	0	0
202	2016-05-09 21:59:00.39	2016-05-09 21:59:00.62	5	1	0	1	0	0	0	0	0	0	0	0	0
202	2016-05-09 21:59:01.92	2016-05-09 21:59:03.01	6	-1	1	1	0	0	0	0	0	0	0	0	0
203	2016-05-09 21:59:16.35	2016-05-09 21:59:24.37	5	1	0	0	0	10	0.776	1.421875	0	0	0	0	0
204	2016-05-09 21:59:39.00	2016-05-09 21:59:45.06	5	1	0	0	0	7	0.231	0.734375	0	0	0	0	0
204	2016-05-09 21:59:45.10	2016-05-09 21:59:49.14	5	1	0	1	0	0	0	0	0	0	0	0	0
205	2016-05-09 22:02:23.84	2016-05-09 22:02:36.51	5	1	0	0	0	11	0.596	1.375	0	0	0	0	0
206	2016-05-09 22:02:41.73	2016-05-09 22:03:02.79	5	1	0	0	0	13	0.424	1.21875	0	0	0	0	0
207	2016-05-09 22:03:10.87	2016-05-09 22:03:41.76	5	1	0	0	0	10	0.41	1.109375	0	0	0	0	0
208	2016-05-09 22:03:49.39	2016-05-09 22:04:14.18	5	1	0	0	0	9	0.316	0.953125	0	0	0	0	0
208	2016-05-09 22:04:29.40	2016-05-09 22:04:29.84	5	1	0	1	0	0	0	0	0	0	0	0	0
209	2016-05-09 22:08:57.62	2016-05-09 22:09:19.03	5	1	0	0	0	10	0.512	1.1875	0	0	0	0	0
210	2016-05-09 22:09:31.62	2016-05-09 22:09:38.70	5	1	0	0	0	10	0.276	0.9375	0	0	0	0	0
210	2016-05-09 22:09:38.73	2016-05-09 22:09:38.87	5	1	0	1	0	0	0	0	0	0	0	0	0
211	2016-05-09 22:09:56.28	2016-05-09 22:10:17.89	5	1	0	0	0	8	0.232	0.78125	0	0	0	0	0
212	2016-05-09 22:10:24.35	2016-05-09 22:10:31.40	5	1	0	0	0	6	0.146	0.546875	0	0	0	0	0
213	2016-05-09 22:10:37.23	2016-05-09 22:10:59.90	5	1	0	0	0	6	0.146	0.578125	0	0	0	0	0
214	2016-05-09 22:11:12.46	2016-05-09 22:11:35.00	5	1	0	0	0	9	0.288	0.984375	0	0	0	0	0
215	2016-05-09 22:11:49.00	2016-05-09 22:12:04.84	5	1	0	0	0	10	0.217	0.890625	0	0	0	0	0
216	2016-05-09 22:12:10.04	2016-05-09 22:12:27.25	5	1	0	0	0	8	0.232	0.8125	0	0	0	0	0
217	2016-05-09 22:20:53.43	2016-05-09 22:21:04.06	5	1	0	0	0	3	2.419	2.65625	0	0	0	0	0
218	2016-05-09 22:21:10.10	2016-05-09 22:21:23.85	5	1	0	0	0	12	2.079	2.953125	0	0	0	0	0
219	2016-05-09 22:21:31.35	2016-05-09 22:21:51.68	5	1	0	0	0	14	0.531	1.53125	0	0	0	0	0
220	2016-05-09 22:21:56.12	2016-05-09 22:22:10.18	5	1	0	0	0	10	2.804	3.546875	0	0	0	0	0
221	2016-05-09 22:22:28.65	2016-05-09 22:22:33.65	5	1	0	0	0	6	0.23	0.71875	0	0	0	0	0
222	2016-05-09 22:22:38.09	2016-05-09 22:22:50.82	5	1	0	0	0	7	1.013	1.5625	0	0	0	0	0
223	2016-05-09 22:22:56.78	2016-05-09 22:23:09.42	5	1	0	0	0	10	0.505	1.109375	0	0	0	0	0
224	2016-05-09 22:23:14.60	2016-05-09 22:23:20.70	5	1	0	0	0	9	0.345	0.984375	0	0	0	0	0
225	2016-05-09 22:23:25.59	2016-05-09 22:23:46.73	5	1	0	0	0	7	0.425	0.859375	0	0	0	0	0
226	2016-05-09 22:23:52.70	2016-05-09 22:24:07.96	5	1	0	0	0	6	0.339	0.671875	0	0	0	0	0
227	2016-05-09 22:24:28.14	2016-05-09 22:24:44.35	5	1	0	0	0	10	0.316	1	0	0	0	0	0
228	2016-05-09 22:24:49.85	2016-05-09 22:25:07.68	5	1	0	0	0	7	0.398	0.90625	0	0	0	0	0
229	2016-05-09 22:26:21.82	2016-05-09 22:26:22.34	5	1	0	1	0	0	0	0	0	0	0	0	0
229	2016-05-09 22:26:25.56	2016-05-09 22:26:26.10	5	1	0	1	0	0	0	0	0	0	0	0	0
230	2016-05-09 22:27:55.53	2016-05-09 22:28:01.96	5	1	0	0	0	10	0.345	1.0625	0	0	0	0	0
231	2016-05-09 22:28:10.79	2016-05-09 22:28:10.84	5	1	0	1	0	0	0	0	0	0	0	0	0
231	2016-05-09 22:28:12.60	2016-05-09 22:28:13.46	5	1	0	1	0	0	0	0	0	0	0	0	0
232	2016-05-09 22:29:32.93	2016-05-09 22:29:44.57	5	1	0	0	0	14	0.637	1.515625	0	0	0	0	0
233	2016-05-09 22:29:49.26	2016-05-09 22:29:50.01	5	1	0	0	0	0	0	0	0	0	0	0	0
234	2016-05-09 22:29:56.71	2016-05-09 22:30:03.54	5	1	0	0	0	16	0.337	1.40625	0	0	0	0	0
234	2016-05-09 22:30:10.03	2016-05-09 22:30:10.14	5	1	0	1	0	0	0	0	0	0	0	0	0
235	2016-05-09 22:30:17.51	2016-05-09 22:30:30.28	5	1	0	0	0	15	0.608	1.5625	0	0	0	0	0
236	2016-05-09 22:30:57.06	2016-05-09 22:31:04.65	5	1	0	0	0	9	0.526	1.15625	0	0	0	0	0
237	2016-05-09 22:31:08.81	2016-05-09 22:31:15.95	5	1	0	0	0	19	1.138	2.296875	0	0	0	0	0
238	2016-05-09 22:31:24.48	2016-05-09 22:31:30.84	5	1	0	0	0	20	2.266	3.484375	0	0	0	0	0
239	2016-05-09 22:31:37.87	2016-05-09 22:31:42.00	5	1	0	0	0	18	0.944	2.015625	0	0	0	0	0
239	2016-05-09 22:31:42.01	2016-05-09 22:31:42.65	5	1	0	1	0	0	0	0	0	0	0	0	0
240	2016-05-09 22:31:48.42	2016-05-09 22:31:48.48	5	1	0	1	0	0	0	0	0	0	0	0	0
240	2016-05-09 22:31:48.57	2016-05-09 22:31:49.07	5	1	0	1	0	0	0	0	0	0	0	0	0
241	2016-05-09 22:31:58.35	2016-05-09 22:31:58.50	5	1	0	1	0	0	0	0	0	0	0	0	0
242	2016-05-09 22:32:04.75	2016-05-09 22:32:10.06	5	1	0	0	0	16	0.933	1.953125	0	0	0	0	0
243	2016-05-09 22:32:16.18	2016-05-09 22:32:16.37	5	1	0	1	0	0	0	0	0	0	0	0	0
243	2016-05-09 22:32:19.17	2016-05-09 22:32:19.82	5	1	0	1	0	0	0	0	0	0	0	0	0
244	2016-05-09 22:32:25.09	2016-05-09 22:32:33.60	5	1	0	0	0	9	0.301	0.90625	0	0	0	0	0
245	2016-05-09 22:32:39.45	2016-05-09 22:32:51.87	5	1	0	0	0	22	1.182	2.453125	0	0	0	0	0
246	2016-05-09 22:33:13.79	2016-05-09 22:33:23.35	5	1	0	0	0	11	0.805	1.546875	0	0	0	0	0
247	2016-05-09 22:33:28.98	2016-05-09 22:33:39.82	5	1	0	0	0	15	1.127	2.125	0	0	0	0	0
248	2016-05-09 22:33:46.21	2016-05-09 22:33:52.53	5	1	0	0	0	16	1.202	2.140625	0	0	0	0	0
249	2016-05-09 22:33:58.06	2016-05-09 22:34:02.37	5	1	0	0	0	14	0.376	1.3125	0	0	0	0	0
250	2016-05-09 22:34:07.81	2016-05-09 22:34:15.84	5	1	0	0	0	20	1.042	2.203125	0	0	0	0	0
251	2016-05-09 22:34:20.50	2016-05-09 22:34:20.51	5	1	0	1	0	0	0	0	0	0	0	0	0
252	2016-05-09 22:34:29.62	2016-05-09 22:34:38.56	5	1	0	0	0	19	0.738	1.890625	0	0	0	0	0
253	2016-05-09 22:35:11.71	2016-05-09 22:35:20.98	5	1	0	0	0	23	1.208	2.46875	0	0	0	0	0
254	2016-05-09 22:35:27.43	2016-05-09 22:35:31.92	5	1	0	0	0	20	2.186	3	0	0	0	0	0
254	2016-05-09 22:35:32.04	2016-05-09 22:35:33.28	5	1	0	1	0	2	0.044	0.1875	0	0	0	0	0
255	2016-05-09 22:35:36.28	2016-05-09 22:35:37.12	5	1	0	1	0	0	0	0	0	0	0	0	0
256	2016-05-09 22:35:48.87	2016-05-09 22:35:54.76	5	1	0	0	0	21	1.676	2.859375	0	0	0	0	0
257	2016-05-09 22:36:01.62	2016-05-09 22:36:07.73	5	1	0	0	0	8	0.272	0.796875	0	0	0	0	0
258	2016-05-09 22:36:12.71	2016-05-09 22:36:23.12	5	1	0	0	0	6	0.202	0.6875	0	0	0	0	0
259	2016-05-09 22:36:27.65	2016-05-09 22:36:33.93	5	1	0	0	0	7	0.23	0.75	0	0	0	0	0
260	2016-05-09 22:36:40.87	2016-05-09 22:36:49.04	5	1	0	0	0	9	0.33	1	0	0	0	0	0
261	2016-05-09 22:36:56.10	2016-05-09 22:37:00.17	5	1	0	0	0	12	0.505	1.203125	0	0	0	0	0
262	2016-05-09 22:37:05.37	2016-05-09 22:37:25.14	5	1	0	0	0	6	0.355	0.828125	0	0	0	0	0
262	2016-05-09 22:37:37.65	2016-05-09 22:37:37.81	5	1	0	1	0	0	0	0	0	0	0	0	0
263	2016-05-09 22:37:41.50	2016-05-09 22:37:47.04	5	1	0	0	0	6	0.425	0.84375	0	0	0	0	0
264	2016-05-09 22:37:53.43	2016-05-09 22:38:05.71	5	1	0	0	0	7	0.201	0.671875	0	0	0	0	0
265	2016-05-09 22:38:16.18	2016-05-09 22:38:24.68	5	1	0	0	0	11	0.276	1.046875	0	0	0	0	0
265	2016-05-09 22:38:27.92	2016-05-09 22:38:28.51	6	-1	1	1	0	0	0	0	0	0	0	0	0
265	2016-05-09 22:38:28.48	2016-05-09 22:38:29.56	5	1	0	1	0	0	0	0	0	0	0	0	0
266	2016-05-09 22:38:40.14	2016-05-09 22:38:45.60	5	1	0	0	0	12	0.69	1.46875	0	0	0	0	0
267	2016-05-09 22:38:52.35	2016-05-09 22:38:52.39	5	1	0	1	0	0	0	0	0	0	0	0	0
267	2016-05-09 22:38:52.93	2016-05-09 22:38:52.95	5	1	0	1	0	0	0	0	0	0	0	0	0
267	2016-05-09 22:38:54.03	2016-05-09 22:38:54.70	5	1	0	1	0	0	0	0	0	0	0	0	0
268	2016-05-09 22:39:01.50	2016-05-09 22:39:32.43	5	1	0	0	0	8	0.399	0.953125	0	0	0	0	0
268	2016-05-09 22:39:42.96	2016-05-09 22:39:43.20	5	1	0	1	0	0	0	0	0	0	0	0	0
269	2016-05-09 22:39:47.39	2016-05-09 22:39:54.21	5	1	0	0	0	9	0.622	1.203125	0	0	0	0	0
269	2016-05-09 22:40:27.71	2016-05-09 22:40:28.51	5	1	0	1	0	0	0	0	0	0	0	0	0
270	2016-05-09 22:42:07.46	2016-05-09 22:42:13.34	5	1	0	0	0	4	1.124	1.4375	0	0	0	0	0
271	2016-05-09 22:42:43.32	2016-05-09 22:43:02.25	5	1	0	0	0	3	0.115	0.359375	0	0	0	0	0
272	2016-05-09 22:43:21.10	2016-05-09 22:43:27.14	5	1	0	0	0	7	1.112	1.578125	0	0	0	0	0
273	2016-05-09 22:43:40.48	2016-05-09 22:43:48.76	5	1	0	0	0	7	1.096	1.546875	0	0	0	0	0
274	2016-05-09 22:44:02.29	2016-05-09 22:44:11.31	5	1	0	0	0	9	2.47	3.078125	0	0	0	0	0
275	2016-05-09 22:44:16.31	2016-05-09 22:44:16.59	5	1	0	1	0	0	0	0	0	0	0	0	0
276	2016-05-09 22:44:24.34	2016-05-09 22:44:32.68	5	1	0	0	0	12	1.732	2.5625	0	0	0	0	0
277	2016-05-09 22:44:46.20	2016-05-09 22:44:54.06	5	1	0	0	0	4	0.745	1	0	0	0	0	0
278	2016-05-09 22:45:21.60	2016-05-09 22:45:28.03	5	1	0	0	0	6	1.362	1.796875	0	0	0	0	0
279	2016-05-09 22:46:09.01	2016-05-09 22:46:15.43	5	1	0	0	0	10	0.36	1.0625	0	0	0	0	0
280	2016-05-09 22:47:53.53	2016-05-09 22:47:53.64	6	-1	1	0	0	0	0	0	0	0	0	0	0
281	2016-05-09 22:48:08.57	2016-05-09 22:48:13.53	5	1	0	0	0	6	0.257	0.671875	0	0	0	0	0
282	2016-05-09 22:48:20.18	2016-05-09 22:48:26.43	5	1	0	0	0	11	0.583	1.328125	0	0	0	0	0
284	2016-05-09 22:49:24.15	2016-05-09 22:49:42.37	5	1	0	0	0	7	0.438	0.875	0	0	0	0	0
286	2016-05-09 22:49:52.73	2016-05-09 22:49:58.23	5	1	0	0	0	16	0.89	1.84375	0	0	0	0	0
287	2016-05-09 22:50:05.00	2016-05-09 22:50:14.73	5	1	0	0	0	11	1.249	1.890625	0	0	0	0	0
288	2016-05-09 22:50:20.65	2016-05-09 22:50:27.48	5	1	0	0	0	8	0.75	1.359375	0	0	0	0	0
289	2016-05-09 22:50:43.09	2016-05-09 22:50:51.25	5	1	0	0	0	14	0.319	1.25	0	0	0	0	0
290	2016-05-09 22:50:55.60	2016-05-09 22:50:55.68	5	1	0	1	0	0	0	0	0	0	0	0	0
290	2016-05-09 22:50:55.73	2016-05-09 22:50:55.75	5	1	0	1	0	0	0	0	0	0	0	0	0
291	2016-05-09 22:51:00.29	2016-05-09 22:51:07.39	5	1	0	0	0	12	0.332	1.109375	0	0	0	0	0
292	2016-05-09 22:51:13.98	2016-05-09 22:51:19.64	5	1	0	0	0	6	0.286	0.75	0	0	0	0	0
293	2016-05-09 22:51:27.73	2016-05-09 22:51:35.89	5	1	0	0	0	8	1.839	2.421875	0	0	0	0	0
294	2016-05-09 22:51:47.76	2016-05-09 22:51:54.40	5	1	0	0	0	7	1.641	2.140625	0	0	0	0	0
295	2016-05-09 22:52:07.04	2016-05-09 22:52:13.96	5	1	0	0	0	13	1.948	2.8125	0	0	0	0	0
296	2016-05-09 22:52:29.53	2016-05-09 22:52:36.50	5	1	0	0	0	15	0.723	1.671875	0	0	0	0	0
297	2016-05-09 22:52:44.56	2016-05-09 22:52:49.73	5	1	0	0	0	16	1.084	2.046875	0	0	0	0	0
298	2016-05-09 22:52:55.01	2016-05-09 22:53:00.59	5	1	0	0	0	11	0.372	1.109375	0	0	0	0	0
298	2016-05-09 22:53:11.98	2016-05-09 22:53:12.40	5	1	0	1	0	0	0	0	0	0	0	0	0
299	2016-05-09 22:53:18.06	2016-05-09 22:53:26.03	5	1	0	0	0	6	0.369	0.796875	0	0	0	0	0
299	2016-05-09 22:53:26.04	2016-05-09 22:53:26.40	5	1	0	1	0	0	0	0	0	0	0	0	0
300	2016-05-09 22:53:30.50	2016-05-09 22:53:37.17	5	1	0	0	0	14	1.136	2	0	0	0	0	0
301	2016-05-09 22:53:45.42	2016-05-09 22:53:51.62	5	1	0	0	0	12	0.541	1.390625	0	0	0	0	0
302	2016-05-09 22:53:57.76	2016-05-09 22:54:04.64	5	1	0	0	0	26	1.166	2.75	0	0	0	0	0
303	2016-05-09 22:54:10.84	2016-05-09 22:54:21.75	5	1	0	0	0	11	0.456	1.171875	0	0	0	0	0
304	2016-05-09 22:54:35.65	2016-05-09 22:54:43.57	5	1	0	0	0	14	0.593	1.453125	0	0	0	0	0
305	2016-05-09 22:54:49.48	2016-05-09 22:54:53.07	5	1	0	0	0	5	0.565	0.96875	0	0	0	0	0
306	2016-05-09 22:55:00.70	2016-05-09 22:55:07.68	5	1	0	0	0	18	0.904	2.03125	0	0	0	0	0
307	2016-05-09 22:55:12.28	2016-05-09 22:55:12.31	5	1	0	1	0	0	0	0	0	0	0	0	0
307	2016-05-09 22:55:12.50	2016-05-09 22:55:12.79	5	1	0	1	0	0	0	0	0	0	0	0	0
308	2016-05-09 22:55:17.67	2016-05-09 22:55:17.93	5	1	0	1	0	0	0	0	0	0	0	0	0
309	2016-05-09 22:55:26.09	2016-05-09 22:55:26.48	5	1	0	1	0	0	0	0	0	0	0	0	0
310	2016-05-09 22:55:34.21	2016-05-09 22:55:53.92	5	1	0	0	0	4	0.27	0.578125	0	0	0	0	0
311	2016-05-09 22:56:00.92	2016-05-09 22:56:10.82	5	1	0	0	0	8	0.511	1.03125	0	0	0	0	0
313	2016-05-09 22:56:31.60	2016-05-09 22:56:37.65	5	1	0	0	0	8	0.287	0.890625	0	0	0	0	0
314	2016-05-09 22:56:44.42	2016-05-09 22:56:51.92	5	1	0	0	0	8	0.467	0.953125	0	0	0	0	0
315	2016-05-09 22:56:59.75	2016-05-09 22:57:17.59	5	1	0	0	0	11	0.984	1.6875	0	0	0	0	0
315	2016-05-09 22:57:17.60	2016-05-09 22:57:18.73	5	1	0	1	0	0	0	0	0	0	0	0	0
316	2016-05-09 22:57:25.64	2016-05-09 22:57:41.18	5	1	0	0	0	13	0.621	1.40625	0	0	0	0	0
317	2016-05-09 22:57:44.96	2016-05-09 22:57:51.59	5	1	0	0	0	19	0.559	1.78125	0	0	0	0	0
318	2016-05-09 22:57:58.35	2016-05-09 22:58:05.26	5	1	0	0	0	12	0.931	1.609375	0	0	0	0	0
319	2016-05-09 22:58:11.28	2016-05-09 22:58:11.34	5	1	0	1	0	0	0	0	0	0	0	0	0
319	2016-05-09 22:58:11.48	2016-05-09 22:58:11.90	5	1	0	1	0	0	0	0	0	0	0	0	0
319	2016-05-09 22:58:55.87	2016-05-09 22:58:56.48	5	1	0	1	0	0	0	0	0	0	0	0	0
319	2016-05-09 22:58:56.65	2016-05-09 22:58:57.14	5	1	0	1	0	0	0	0	0	0	0	0	0
319	2016-05-09 22:58:57.31	2016-05-09 22:58:57.62	5	1	0	1	0	0	0	0	0	0	0	0	0
319	2016-05-09 22:59:04.21	2016-05-09 22:59:04.43	6	-1	1	1	0	0	0	0	0	0	0	0	0
319	2016-05-09 22:59:04.34	2016-05-09 22:59:04.90	5	1	0	1	0	0	0	0	0	0	0	0	0
319	2016-05-09 22:59:04.64	2016-05-09 22:59:05.65	6	-1	1	1	0	0	0	0	0	0	0	0	0
322	2016-05-09 22:59:09.84	2016-05-09 22:59:09.90	6	-1	1	0	0	0	0	0	0	0	0	0	0
322	2016-05-09 22:59:10.42	2016-05-09 22:59:10.98	6	-1	1	0	0	0	0	0	0	0	0	0	0
326	2016-05-09 22:59:28.79	2016-05-09 22:59:35.48	5	1	0	0	0	12	1.312	2.171875	0	0	0	0	0
327	2016-05-09 22:59:42.84	2016-05-09 22:59:53.06	5	1	0	0	0	9	0.286	0.984375	0	0	0	0	0
328	2016-05-09 23:00:04.67	2016-05-09 23:00:11.12	5	1	0	0	0	10	1.143	1.84375	0	0	0	0	0
329	2016-05-09 23:00:19.09	2016-05-09 23:00:30.92	5	1	0	0	0	12	0.539	1.234375	0	0	0	0	0
330	2016-05-09 23:00:36.10	2016-05-09 23:00:43.54	5	1	0	0	0	6	0.398	0.890625	0	0	0	0	0
331	2016-05-09 23:00:51.12	2016-05-09 23:00:55.14	5	1	0	0	0	8	0.581	1.15625	0	0	0	0	0
332	2016-05-09 23:01:01.76	2016-05-09 23:01:10.25	5	1	0	0	0	16	0.909	2.046875	0	0	0	0	0
333	2016-05-09 23:01:16.87	2016-05-09 23:01:35.70	5	1	0	0	0	8	0.422	0.921875	0	0	0	0	0
334	2016-05-09 23:01:41.09	2016-05-09 23:01:49.54	5	1	0	0	0	20	0.631	1.953125	0	0	0	0	0
335	2016-05-09 23:02:09.92	2016-05-09 23:02:20.34	5	1	0	0	0	19	0.505	1.828125	0	0	0	0	0
336	2016-05-09 23:02:25.92	2016-05-09 23:02:31.73	5	1	0	0	0	26	1.425	2.859375	0	0	0	0	0
337	2016-05-09 23:02:45.89	2016-05-09 23:02:55.67	5	1	0	0	0	11	0.637	1.328125	0	0	0	0	0
338	2016-05-09 23:03:01.29	2016-05-09 23:03:15.31	5	1	0	0	0	13	0.598	1.46875	0	0	0	0	0
338	2016-05-09 23:03:28.42	2016-05-09 23:03:29.23	5	1	0	1	0	0	0	0	0	0	0	0	0
339	2016-05-09 23:03:34.20	2016-05-09 23:03:41.70	5	1	0	0	0	13	0.375	1.34375	0	0	0	0	0
340	2016-05-09 23:03:47.84	2016-05-09 23:03:53.54	5	1	0	0	0	17	0.959	1.84375	0	0	0	0	0
340	2016-05-09 23:03:53.64	2016-05-09 23:03:53.68	5	1	0	1	0	0	0	0	0	0	0	0	0
341	2016-05-09 23:04:04.45	2016-05-09 23:04:15.84	5	1	0	0	0	17	0.649	1.515625	0	0	0	0	0
342	2016-05-09 23:04:21.14	2016-05-09 23:04:34.12	5	1	0	0	0	17	0.545	1.625	0	0	0	0	0
343	2016-05-09 23:04:40.90	2016-05-09 23:05:00.87	5	1	0	0	0	14	0.456	1.25	0	0	0	0	0
344	2016-05-09 23:05:06.93	2016-05-09 23:05:07.03	5	1	0	1	0	0	0	0	0	0	0	0	0
344	2016-05-09 23:05:08.73	2016-05-09 23:05:09.01	5	1	0	1	0	0	0	0	0	0	0	0	0
345	2016-05-09 23:05:14.09	2016-05-09 23:05:22.26	5	1	0	0	0	18	0.756	1.875	0	0	0	0	0
346	2016-05-09 23:05:29.79	2016-05-09 23:05:30.04	5	1	0	1	0	0	0	0	0	0	0	0	0
346	2016-05-09 23:05:31.00	2016-05-09 23:05:31.31	5	1	0	1	0	0	0	0	0	0	0	0	0
346	2016-05-09 23:05:31.37	2016-05-09 23:05:31.59	5	1	0	1	0	0	0	0	0	0	0	0	0
346	2016-05-09 23:05:43.23	2016-05-09 23:05:43.28	5	1	0	1	0	0	0	0	0	0	0	0	0
346	2016-05-09 23:05:42.93	2016-05-09 23:05:43.53	6	-1	1	1	0	0	0	0	0	0	0	0	0
346	2016-05-09 23:05:43.29	2016-05-09 23:05:44.54	5	1	0	1	0	0	0	0	0	0	0	0	0
346	2016-05-09 23:05:44.20	2016-05-09 23:05:45.29	6	-1	1	1	0	0	0	0	0	0	0	0	0
346	2016-05-09 23:05:46.81	2016-05-09 23:05:47.76	6	-1	1	1	0	0	0	0	0	0	0	0	0
346	2016-05-09 23:05:47.92	2016-05-09 23:05:47.98	6	-1	1	1	0	0	0	0	0	0	0	0	0
346	2016-05-09 23:05:48.32	2016-05-09 23:05:48.37	6	-1	1	1	0	0	0	0	0	0	0	0	0
349	2016-05-09 23:06:16.40	2016-05-09 23:06:16.43	5	1	0	1	0	0	0	0	0	0	0	0	0
350	2016-05-09 23:06:24.70	2016-05-09 23:06:31.23	5	1	0	0	0	15	0.747	1.609375	0	0	0	0	0
351	2016-05-09 23:06:39.78	2016-05-09 23:06:53.59	5	1	0	0	0	16	0.803	1.796875	0	0	0	0	0
352	2016-05-09 23:06:59.21	2016-05-09 23:07:05.95	5	1	0	0	0	30	1.574	3.25	0	0	0	0	0
352	2016-05-09 23:07:06.01	2016-05-09 23:07:06.09	5	1	0	1	0	0	0	0	0	0	0	0	0
353	2016-05-09 23:07:09.45	2016-05-09 23:07:16.29	5	1	0	0	0	9	0.482	1.078125	0	0	0	0	0
354	2016-05-09 23:07:22.14	2016-05-09 23:07:22.21	5	1	0	0	0	0	0	0	0	0	0	0	0
354	2016-05-09 23:07:22.23	2016-05-09 23:07:28.21	5	1	0	0	0	20	0.695	2.03125	0	0	0	0	0
355	2016-05-09 23:07:31.98	2016-05-09 23:07:37.48	5	1	0	0	0	10	0.763	1.453125	0	0	0	0	0
356	2016-05-09 23:07:43.39	2016-05-09 23:07:54.37	5	1	0	0	0	22	0.968	2.265625	0	0	0	0	0
357	2016-05-09 23:07:58.98	2016-05-09 23:08:05.26	5	1	0	0	0	12	0.318	1.125	0	0	0	0	0
358	2016-05-09 23:08:10.56	2016-05-09 23:08:23.92	5	1	0	0	0	15	0.44	1.421875	0	0	0	0	0
359	2016-05-09 23:08:30.23	2016-05-09 23:08:36.92	5	1	0	0	0	7	0.301	0.859375	0	0	0	0	0
360	2016-05-09 23:08:43.10	2016-05-09 23:08:54.21	5	1	0	0	0	10	0.315	1.0625	0	0	0	0	0
361	2016-05-09 23:08:59.10	2016-05-09 23:09:05.92	5	1	0	0	0	22	0.978	2.3125	0	0	0	0	0
362	2016-05-09 23:09:12.90	2016-05-09 23:09:13.35	5	1	0	1	0	0	0	0	0	0	0	0	0
362	2016-05-09 23:09:17.04	2016-05-09 23:09:17.29	5	1	0	1	0	0	0	0	0	0	0	0	0
363	2016-05-09 23:09:21.95	2016-05-09 23:09:29.60	5	1	0	0	0	13	0.525	1.390625	0	0	0	0	0
364	2016-05-09 23:09:34.07	2016-05-09 23:09:53.67	5	1	0	0	0	12	0.485	1.296875	0	0	0	0	0
365	2016-05-09 23:10:06.62	2016-05-09 23:10:22.75	5	1	0	0	0	13	0.457	1.34375	0	0	0	0	0
366	2016-05-09 23:10:39.17	2016-05-09 23:10:44.01	5	1	0	0	0	7	0.407	0.8125	0	0	0	0	0
367	2016-05-09 23:10:49.62	2016-05-09 23:11:01.85	5	1	0	0	0	13	0.456	1.234375	0	0	0	0	0
368	2016-05-09 23:11:11.53	2016-05-09 23:11:23.29	5	1	0	0	0	7	0.508	0.90625	0	0	0	0	0
369	2016-05-09 23:11:30.39	2016-05-09 23:11:35.45	5	1	0	0	0	7	0.438	0.921875	0	0	0	0	0
370	2016-05-09 23:12:01.87	2016-05-09 23:12:20.82	5	1	0	0	0	7	0.578	1.0625	0	0	0	0	0
372	2016-05-09 23:12:32.89	2016-05-09 23:12:33.54	5	1	0	1	0	0	0	0	0	0	0	0	0
373	2016-05-09 23:12:38.09	2016-05-09 23:12:38.26	5	1	0	0	0	0	0	0	0	0	0	0	0
373	2016-05-09 23:12:38.96	2016-05-09 23:12:39.75	5	1	0	1	0	0	0	0	0	0	0	0	0
373	2016-05-09 23:12:40.00	2016-05-09 23:12:40.37	5	1	0	1	0	0	0	0	0	0	0	0	0
373	2016-05-09 23:12:42.43	2016-05-09 23:12:42.51	5	1	0	1	0	0	0	0	0	0	0	0	0
374	2016-05-09 23:12:46.89	2016-05-09 23:12:53.59	5	1	0	0	0	8	0.622	1.140625	0	0	0	0	0
375	2016-05-09 23:12:59.81	2016-05-09 23:13:06.71	5	1	0	0	0	11	0.777	1.484375	0	0	0	0	0
376	2016-05-09 23:13:11.32	2016-05-09 23:13:24.28	5	1	0	0	0	18	0.863	1.90625	0	0	0	0	0
377	2016-05-09 23:13:33.31	2016-05-09 23:13:45.60	5	1	0	0	0	6	0.258	0.6875	0	0	0	0	0
378	2016-05-09 23:14:10.20	2016-05-09 23:14:22.78	5	1	0	0	0	11	0.54	1.21875	0	0	0	0	0
379	2016-05-09 23:14:30.01	2016-05-09 23:14:35.57	5	1	0	0	0	3	0.213	0.453125	0	0	0	0	0
380	2016-05-09 23:14:42.65	2016-05-09 23:14:49.73	5	1	0	0	0	19	0.591	1.796875	0	0	0	0	0
381	2016-05-09 23:14:58.95	2016-05-09 23:15:04.73	5	1	0	0	0	13	0.709	1.5	0	0	0	0	0
382	2016-05-09 23:15:11.10	2016-05-09 23:15:17.21	5	1	0	0	0	7	0.3	0.84375	0	0	0	0	0
382	2016-05-09 23:15:17.29	2016-05-09 23:15:17.31	5	1	0	1	0	0	0	0	0	0	0	0	0
383	2016-05-09 23:15:24.60	2016-05-09 23:15:34.95	5	1	0	0	0	17	0.885	1.984375	0	0	0	0	0
384	2016-05-09 23:15:40.18	2016-05-09 23:15:46.28	5	1	0	0	0	14	0.776	1.6875	0	0	0	0	0
385	2016-05-09 23:15:52.37	2016-05-09 23:15:52.40	5	1	0	1	0	0	0	0	0	0	0	0	0
385	2016-05-09 23:15:52.42	2016-05-09 23:15:52.54	5	1	0	1	0	0	0	0	0	0	0	0	0
386	2016-05-09 23:15:58.35	2016-05-09 23:16:10.43	5	1	0	0	0	10	0.581	1.296875	0	0	0	0	0
387	2016-05-09 23:16:24.18	2016-05-09 23:16:38.25	5	1	0	0	0	20	1.224	2.390625	0	0	0	0	0
388	2016-05-09 23:16:44.60	2016-05-09 23:16:55.67	5	1	0	0	0	14	0.819	1.71875	0	0	0	0	0
388	2016-05-09 23:16:55.68	2016-05-09 23:16:55.73	5	1	0	1	0	0	0	0	0	0	0	0	0
389	2016-05-09 23:17:15.42	2016-05-09 23:17:24.76	5	1	0	0	0	14	0.849	1.78125	0	0	0	0	0
390	2016-05-09 23:17:31.07	2016-05-09 23:17:40.60	5	1	0	0	0	14	1.028	1.875	0	0	0	0	0
391	2016-05-09 23:17:47.60	2016-05-09 23:17:55.65	5	1	0	0	0	14	0.788	1.578125	0	0	0	0	0
392	2016-05-09 23:17:59.87	2016-05-09 23:18:05.56	5	1	0	0	0	7	0.524	1.03125	0	0	0	0	0
393	2016-05-09 23:18:16.31	2016-05-09 23:18:21.15	5	1	0	0	0	14	0.802	1.625	0	0	0	0	0
394	2016-05-09 23:18:25.50	2016-05-09 23:18:25.67	5	1	0	1	0	0	0	0	0	0	0	0	0
394	2016-05-09 23:18:25.76	2016-05-09 23:18:26.26	5	1	0	1	0	0	0	0	0	0	0	0	0
394	2016-05-09 23:18:34.50	2016-05-09 23:18:34.87	5	1	0	1	0	0	0	0	0	0	0	0	0
394	2016-05-09 23:18:50.35	2016-05-09 23:18:50.90	5	1	0	1	0	0	0	0	0	0	0	0	0
394	2016-05-09 23:19:05.48	2016-05-09 23:19:05.54	6	-1	1	1	0	0	0	0	0	0	0	0	0
394	2016-05-09 23:19:05.95	2016-05-09 23:19:06.40	6	-1	1	1	0	0	0	0	0	0	0	0	0
394	2016-05-09 23:19:08.95	2016-05-09 23:19:10.43	6	-1	1	1	0	0	0	0	0	0	0	0	0
394	2016-05-09 23:19:11.39	2016-05-09 23:19:11.42	6	-1	1	1	0	0	0	0	0	0	0	0	0
394	2016-05-09 23:19:11.50	2016-05-09 23:19:12.60	6	-1	1	1	0	0	0	0	0	0	0	0	0
396	2016-05-09 23:19:36.45	2016-05-09 23:19:49.10	5	1	0	0	0	14	0.523	1.484375	0	0	0	0	0
396	2016-05-09 23:20:05.92	2016-05-09 23:20:06.68	5	1	0	1	0	0	0	0	0	0	0	0	0
396	2016-05-09 23:20:09.10	2016-05-09 23:20:09.82	6	-1	1	1	0	0	0	0	0	0	0	0	0
397	2016-05-09 23:20:47.03	2016-05-09 23:20:51.90	5	1	0	0	0	14	0.848	1.8125	0	0	0	0	0
399	2016-05-09 23:21:00.59	2016-05-09 23:21:16.59	5	1	0	0	0	12	0.401	1.15625	0	0	0	0	0
400	2016-05-09 23:21:22.42	2016-05-09 23:21:33.29	5	1	0	0	0	11	0.594	1.234375	0	0	0	0	0
401	2016-05-09 23:21:40.28	2016-05-09 23:21:51.65	5	1	0	0	0	9	0.678	1.28125	0	0	0	0	0
403	2016-05-09 23:23:16.14	2016-05-09 23:23:23.43	5	1	0	0	0	12	0.359	1.1875	0	0	0	0	0
404	2016-05-09 23:23:36.12	2016-05-09 23:23:49.62	5	1	0	0	0	8	0.245	0.875	0	0	0	0	0
405	2016-05-09 23:24:05.39	2016-05-09 23:24:11.40	5	1	0	0	0	7	0.147	0.65625	0	0	0	0	0
406	2016-05-09 23:24:15.57	2016-05-09 23:24:22.43	5	1	0	0	0	11	0.527	1.328125	0	0	0	0	0
407	2016-05-09 23:24:45.87	2016-05-09 23:24:59.31	5	1	0	0	0	11	0.234	0.984375	0	0	0	0	0
408	2016-05-09 23:25:08.89	2016-05-09 23:25:23.46	5	1	0	0	0	6	0.215	0.625	0	0	0	0	0
409	2016-05-09 23:25:31.10	2016-05-09 23:25:45.98	5	1	0	0	0	12	0.319	1.125	0	0	0	0	0
410	2016-05-09 23:25:59.64	2016-05-09 23:26:11.89	5	1	0	0	0	11	0.316	1	0	0	0	0	0
411	2016-05-09 23:26:21.56	2016-05-09 23:26:34.21	5	1	0	0	0	11	0.316	1	0	0	0	0	0
412	2016-05-09 23:26:43.32	2016-05-09 23:26:58.62	5	1	0	0	0	10	0.625	1.359375	0	0	0	0	0
413	2016-05-09 23:27:04.35	2016-05-09 23:27:18.04	5	1	0	0	0	4	0.256	0.578125	0	0	0	0	0
414	2016-05-09 23:27:24.42	2016-05-09 23:27:43.06	5	1	0	0	0	11	1.015	1.671875	0	0	0	0	0
415	2016-05-09 23:27:50.56	2016-05-09 23:28:14.40	5	1	0	0	0	8	0.412	0.90625	0	0	0	0	0
416	2016-05-09 23:28:19.92	2016-05-09 23:28:40.93	5	1	0	0	0	5	1.836	2.125	0	0	0	0	0
417	2016-05-09 23:28:51.79	2016-05-09 23:29:10.39	5	1	0	0	0	12	0.805	1.53125	0	0	0	0	0
418	2016-05-09 23:29:15.87	2016-05-09 23:29:37.68	5	1	0	0	0	7	0.721	1.25	0	0	0	0	0
419	2016-05-09 23:29:42.34	2016-05-09 23:29:43.09	5	1	0	1	0	0	0	0	0	0	0	0	0
419	2016-05-09 23:29:43.35	2016-05-09 23:29:43.54	5	1	0	1	0	0	0	0	0	0	0	0	0
420	2016-05-09 23:30:00.89	2016-05-09 23:30:09.48	5	1	0	0	0	12	0.527	1.328125	0	0	0	0	0
421	2016-05-09 23:30:14.82	2016-05-09 23:30:14.89	5	1	0	1	0	0	0	0	0	0	0	0	0
421	2016-05-09 23:30:14.98	2016-05-09 23:30:15.09	5	1	0	1	0	0	0	0	0	0	0	0	0
422	2016-05-09 23:30:20.87	2016-05-09 23:30:27.46	5	1	0	0	0	17	0.596	1.765625	0	0	0	0	0
423	2016-05-09 23:30:31.34	2016-05-09 23:30:36.48	5	1	0	0	0	8	0.624	1.234375	0	0	0	0	0
424	2016-05-09 23:31:11.03	2016-05-09 23:31:17.14	5	1	0	0	0	5	0.2	0.484375	0	0	0	0	0
425	2016-05-09 23:31:22.62	2016-05-09 23:31:29.71	5	1	0	0	0	7	0.524	1	0	0	0	0	0
426	2016-05-09 23:31:37.95	2016-05-09 23:31:44.17	5	1	0	0	0	12	0.843	1.5625	0	0	0	0	0
427	2016-05-09 23:31:48.82	2016-05-09 23:32:07.96	5	1	0	0	0	13	1.144	1.984375	0	0	0	0	0
428	2016-05-09 23:32:27.46	2016-05-09 23:32:27.48	5	1	0	1	0	0	0	0	0	0	0	0	0
428	2016-05-09 23:32:28.75	2016-05-09 23:32:28.78	5	1	0	1	0	0	0	0	0	0	0	0	0
428	2016-05-09 23:32:29.45	2016-05-09 23:32:29.60	5	1	0	1	0	0	0	0	0	0	0	0	0
429	2016-05-09 23:32:35.26	2016-05-09 23:32:40.93	5	1	0	0	0	10	0.313	0.984375	0	0	0	0	0
430	2016-05-09 23:32:51.04	2016-05-09 23:33:08.92	5	1	0	0	0	6	0.436	0.859375	0	0	0	0	0
431	2016-05-09 23:33:26.56	2016-05-09 23:33:42.28	5	1	0	0	0	7	0.635	1.0625	0	0	0	0	0
432	2016-05-09 23:33:48.92	2016-05-09 23:33:53.89	5	1	0	0	0	9	0.874	1.453125	0	0	0	0	0
432	2016-05-09 23:33:53.92	2016-05-09 23:33:54.06	5	1	0	1	0	0	0	0	0	0	0	0	0
432	2016-05-09 23:33:54.09	2016-05-09 23:33:54.10	5	1	0	1	0	0	0	0	0	0	0	0	0
433	2016-05-09 23:34:00.12	2016-05-09 23:34:20.93	5	1	0	0	0	9	0.508	1.046875	0	0	0	0	0
435	2016-05-09 23:34:31.89	2016-05-09 23:34:31.92	6	-1	1	0	0	0	0	0	0	0	0	0	0
435	2016-05-09 23:34:33.29	2016-05-09 23:34:38.48	5	1	0	0	0	6	0.546	0.96875	0	0	0	0	0
436	2016-05-09 23:34:46.18	2016-05-09 23:34:53.18	5	1	0	0	0	13	0.725	1.65625	0	0	0	0	0
437	2016-05-09 23:36:37.00	2016-05-09 23:36:41.95	5	1	0	0	0	13	0.666	1.453125	0	0	0	0	0
439	2016-05-09 23:37:05.29	2016-05-09 23:37:25.51	5	1	0	0	0	6	0.284	0.75	0	0	0	0	0
439	2016-05-09 23:37:25.53	2016-05-09 23:37:25.54	5	1	0	1	0	0	0	0	0	0	0	0	0
440	2016-05-09 23:37:34.92	2016-05-09 23:37:41.67	5	1	0	0	0	12	0.32	1.140625	0	0	0	0	0
440	2016-05-09 23:37:52.46	2016-05-09 23:37:52.87	6	-1	1	0	0	0	0	0	0	0	0	0	0
440	2016-05-09 23:37:52.96	2016-05-09 23:37:53.32	6	-1	1	0	0	0	0	0	0	0	0	0	0
440	2016-05-09 23:38:11.59	2016-05-09 23:38:12.42	5	1	0	1	0	0	0	0	0	0	0	0	0
440	2016-05-09 23:38:19.34	2016-05-09 23:38:20.45	6	-1	1	1	0	0	0	0	0	0	0	0	0
440	2016-05-09 23:38:23.20	2016-05-09 23:38:23.64	6	-1	1	1	0	0	0	0	0	0	0	0	0
440	2016-05-09 23:38:26.75	2016-05-09 23:38:27.03	6	-1	1	1	0	0	0	0	0	0	0	0	0
441	2016-05-09 23:38:29.78	2016-05-09 23:38:29.84	6	-1	1	1	0	0	0	0	0	0	0	0	0
441	2016-05-09 23:38:29.12	2016-05-09 23:38:29.90	5	1	0	1	0	0	0	0	0	0	0	0	0
441	2016-05-09 23:38:30.81	2016-05-09 23:38:31.17	6	-1	1	1	0	0	0	0	0	0	0	0	0
441	2016-05-09 23:38:30.00	2016-05-09 23:38:31.20	5	1	0	1	0	0	0	0	0	0	0	0	0
441	2016-05-09 23:38:31.29	2016-05-09 23:38:31.37	6	-1	1	1	0	0	0	0	0	0	0	0	0
441	2016-05-09 23:38:31.42	2016-05-09 23:38:32.20	6	-1	1	1	0	0	0	0	0	0	0	0	0
441	2016-05-09 23:38:33.04	2016-05-09 23:38:33.14	6	-1	1	1	0	0	0	0	0	0	0	0	0
442	2016-05-09 23:39:55.76	2016-05-09 23:39:56.84	6	-1	1	0	0	0	0	0	0	0	0	0	0
442	2016-05-09 23:39:56.96	2016-05-09 23:39:56.98	6	-1	1	0	0	0	0	0	0	0	0	0	0
442	2016-05-09 23:39:57.25	2016-05-09 23:39:57.34	6	-1	1	1	0	0	0	0	0	0	0	0	0
442	2016-05-09 23:39:57.10	2016-05-09 23:39:58.68	5	1	0	1	0	0	0	0	0	0	0	0	0
443	2016-05-09 23:40:11.54	2016-05-09 23:40:11.92	5	1	0	1	0	0	0	0	0	0	0	0	0
443	2016-05-09 23:40:26.60	2016-05-09 23:40:26.79	6	-1	1	1	0	0	0	0	0	0	0	0	0
443	2016-05-09 23:40:26.87	2016-05-09 23:40:27.39	5	1	0	1	0	0	0	0	0	0	0	0	0
443	2016-05-09 23:40:27.54	2016-05-09 23:40:27.59	5	1	0	1	0	0	0	0	0	0	0	0	0
443	2016-05-09 23:40:27.68	2016-05-09 23:40:27.78	6	-1	1	1	0	0	0	0	0	0	0	0	0
443	2016-05-09 23:40:27.82	2016-05-09 23:40:27.98	6	-1	1	1	0	0	0	0	0	0	0	0	0
443	2016-05-09 23:40:28.37	2016-05-09 23:40:28.42	5	1	0	1	0	0	0	0	0	0	0	0	0
443	2016-05-09 23:40:28.45	2016-05-09 23:40:29.35	6	-1	1	1	0	0	0	0	0	0	0	0	0
443	2016-05-09 23:40:30.54	2016-05-09 23:40:31.06	6	-1	1	1	0	0	0	0	0	0	0	0	0
444	2016-05-09 23:40:47.73	2016-05-09 23:40:51.82	5	1	0	0	0	14	0.874	1.625	0	0	0	0	0
445	2016-05-09 23:40:58.57	2016-05-09 23:40:59.59	5	1	0	1	0	0	0	0	0	0	0	0	0
446	2016-05-09 23:42:58.46	2016-05-09 23:43:03.76	5	1	0	0	0	14	0.625	1.546875	0	0	0	0	0
446	2016-05-09 23:43:13.92	2016-05-09 23:43:14.46	5	1	0	1	0	0	0	0	0	0	0	0	0
447	2016-05-09 23:43:27.73	2016-05-09 23:43:43.28	5	1	0	0	0	12	0.962	1.828125	0	0	0	0	0
448	2016-05-09 23:43:47.84	2016-05-09 23:43:48.17	5	1	0	1	0	0	0	0	0	0	0	0	0
449	2016-05-09 23:44:13.50	2016-05-09 23:44:31.70	5	1	0	0	0	12	0.625	1.453125	0	0	0	0	0
450	2016-05-09 23:44:37.95	2016-05-09 23:44:38.65	5	1	0	1	0	0	0	0	0	0	0	0	0
451	2016-05-09 23:44:47.85	2016-05-09 23:45:02.50	5	1	0	0	0	13	0.654	1.546875	0	0	0	0	0
452	2016-05-09 23:45:09.32	2016-05-09 23:45:32.53	5	1	0	0	0	8	0.467	0.921875	0	0	0	0	0
452	2016-05-09 23:45:32.56	2016-05-09 23:45:32.59	5	1	0	1	0	0	0	0	0	0	0	0	0
453	2016-05-09 23:45:39.82	2016-05-09 23:46:01.01	5	1	0	0	0	12	0.876	1.609375	0	0	0	0	0
454	2016-05-09 23:46:12.39	2016-05-09 23:46:30.76	5	1	0	0	0	9	0.454	1.03125	0	0	0	0	0
455	2016-05-09 23:46:37.59	2016-05-09 23:47:01.20	5	1	0	0	0	7	1.32	1.84375	0	0	0	0	0
456	2016-05-09 23:47:08.67	2016-05-09 23:47:15.29	5	1	0	0	0	17	0.485	1.46875	0	0	0	0	0
457	2016-05-09 23:47:23.32	2016-05-09 23:47:30.89	5	1	0	0	0	19	0.668	1.8125	0	0	0	0	0
458	2016-05-09 23:47:39.87	2016-05-09 23:47:47.42	5	1	0	0	0	17	0.448	1.609375	0	0	0	0	0
459	2016-05-09 23:47:55.39	2016-05-09 23:48:02.32	5	1	0	0	0	15	0.705	1.6875	0	0	0	0	0
460	2016-05-09 23:48:08.32	2016-05-09 23:48:14.35	5	1	0	0	0	8	0.453	0.96875	0	0	0	0	0
461	2016-05-09 23:48:21.43	2016-05-09 23:48:28.93	5	1	0	0	0	13	1.64	2.5625	0	0	0	0	0
462	2016-05-09 23:48:34.96	2016-05-09 23:48:52.75	5	1	0	0	0	7	0.258	0.71875	0	0	0	0	0
463	2016-05-09 23:49:00.51	2016-05-09 23:49:00.57	5	1	0	1	0	0	0	0	0	0	0	0	0
463	2016-05-09 23:49:02.29	2016-05-09 23:49:02.32	5	1	0	1	0	0	0	0	0	0	0	0	0
463	2016-05-09 23:49:07.81	2016-05-09 23:49:08.23	5	1	0	1	0	0	0	0	0	0	0	0	0
464	2016-05-09 23:49:47.26	2016-05-09 23:49:47.87	5	1	0	1	0	0	0	0	0	0	0	0	0
464	2016-05-09 23:49:51.46	2016-05-09 23:49:51.57	5	1	0	1	0	0	0	0	0	0	0	0	0
465	2016-05-09 23:49:59.25	2016-05-09 23:50:18.84	5	1	0	0	0	6	0.216	0.65625	0	0	0	0	0
466	2016-05-09 23:50:26.35	2016-05-09 23:50:37.54	5	1	0	0	0	13	0.806	1.59375	0	0	0	0	0
467	2016-05-09 23:50:54.37	2016-05-09 23:51:03.65	5	1	0	0	0	8	0.498	1.078125	0	0	0	0	0
468	2016-05-09 23:51:10.56	2016-05-09 23:51:15.57	5	1	0	0	0	11	0.985	1.671875	0	0	0	0	0
469	2016-05-09 23:51:23.09	2016-05-09 23:51:29.95	5	1	0	0	0	13	0.461	1.421875	0	0	0	0	0
470	2016-05-09 23:51:34.57	2016-05-09 23:51:44.23	5	1	0	0	0	16	0.472	1.5	0	0	0	0	0
471	2016-05-09 23:51:50.60	2016-05-09 23:51:55.62	5	1	0	0	0	9	0.329	1	0	0	0	0	0
472	2016-05-09 23:52:01.98	2016-05-09 23:52:17.25	5	1	0	0	0	10	0.359	1.0625	0	0	0	0	0
473	2016-05-09 23:52:24.37	2016-05-09 23:52:28.29	5	1	0	0	0	7	0.37	0.796875	0	0	0	0	0
474	2016-05-09 23:52:38.62	2016-05-09 23:52:52.17	5	1	0	0	0	9	0.296	0.859375	0	0	0	0	0
475	2016-05-09 23:52:57.75	2016-05-09 23:52:58.59	5	1	0	1	0	0	0	0	0	0	0	0	0
475	2016-05-09 23:52:58.73	2016-05-09 23:52:58.75	5	1	0	1	0	0	0	0	0	0	0	0	0
476	2016-05-09 23:53:08.68	2016-05-09 23:53:08.70	5	1	0	1	0	0	0	0	0	0	0	0	0
476	2016-05-09 23:53:08.76	2016-05-09 23:53:09.04	5	1	0	1	0	0	0	0	0	0	0	0	0
477	2016-05-09 23:53:23.62	2016-05-09 23:53:30.67	5	1	0	0	0	13	0.836	1.6875	0	0	0	0	0
477	2016-05-09 23:53:30.68	2016-05-09 23:53:30.70	5	1	0	1	0	0	0	0	0	0	0	0	0
477	2016-05-09 23:53:30.93	2016-05-09 23:53:31.14	5	1	0	1	0	0	0	0	0	0	0	0	0
478	2016-05-09 23:53:37.90	2016-05-09 23:53:43.67	5	1	0	0	0	10	0.233	1	0	0	0	0	0
479	2016-05-09 23:54:05.85	2016-05-09 23:54:13.85	5	1	0	0	0	8	0.342	0.890625	0	0	0	0	0
480	2016-05-09 23:54:34.98	2016-05-09 23:54:35.43	5	1	0	1	0	0	0	0	0	0	0	0	0
480	2016-05-09 23:54:43.06	2016-05-09 23:54:43.40	5	1	0	1	0	0	0	0	0	0	0	0	0
481	2016-05-09 23:54:55.53	2016-05-09 23:55:02.35	5	1	0	0	0	14	0.68	1.515625	0	0	0	0	0
482	2016-05-09 23:55:08.70	2016-05-09 23:55:16.95	5	1	0	0	0	12	0.648	1.40625	0	0	0	0	0
483	2016-05-09 23:55:25.71	2016-05-09 23:55:25.75	5	1	0	0	0	0	0	0	0	0	0	0	0
483	2016-05-09 23:55:25.81	2016-05-09 23:55:36.34	5	1	0	0	0	8	0.537	0.984375	0	0	0	0	0
484	2016-05-09 23:55:43.85	2016-05-09 23:55:52.39	5	1	0	0	0	16	1.058	2.015625	0	0	0	0	0
485	2016-05-09 23:55:58.92	2016-05-09 23:56:08.17	5	1	0	0	0	14	0.565	1.453125	0	0	0	0	0
485	2016-05-09 23:56:08.25	2016-05-09 23:56:08.70	5	1	0	1	0	0	0	0	0	0	0	0	0
486	2016-05-09 23:56:34.68	2016-05-09 23:56:46.62	5	1	0	0	0	12	1.198	2	0	0	0	0	0
488	2016-05-09 23:57:24.85	2016-05-09 23:57:32.65	5	1	0	0	0	12	0.737	1.515625	0	0	0	0	0
489	2016-05-09 23:57:41.43	2016-05-09 23:57:48.57	5	1	0	0	0	11	0.621	1.296875	0	0	0	0	0
489	2016-05-09 23:57:48.67	2016-05-09 23:57:48.76	5	1	0	1	0	0	0	0	0	0	0	0	0
492	2016-05-10 00:01:24.42	2016-05-10 00:01:24.54	5	1	0	0	0	0	0	0	0	0	0	0	0
492	2016-05-10 00:01:25.54	2016-05-10 00:01:25.73	5	1	0	0	0	0	0	0	0	0	0	0	0
495	2016-05-10 00:02:44.42	2016-05-10 00:02:44.50	5	1	0	0	0	0	0	0	0	0	0	0	0
495	2016-05-10 00:02:56.57	2016-05-10 00:02:57.64	5	1	0	0	0	0	0	0	0	0	0	0	0
496	2016-05-10 00:03:10.75	2016-05-10 00:03:10.85	5	1	0	0	0	0	0	0	0	0	0	0	0
497	2016-05-10 00:03:35.79	2016-05-10 00:03:36.73	5	1	0	0	0	0	0	0	0	0	0	0	0
498	2016-05-10 00:03:50.35	2016-05-10 00:03:50.95	5	1	0	0	0	0	0	0	0	0	0	0	0
500	2016-05-10 00:04:19.31	2016-05-10 00:04:20.01	5	1	0	0	0	0	0	0	0	0	0	0	0
503	2016-05-10 00:05:47.65	2016-05-10 00:05:48.00	6	-1	1	0	0	0	0	0	0	0	0	0	0
503	2016-05-10 00:05:51.46	2016-05-10 00:05:52.10	5	1	0	0	0	0	0	0	0	0	0	0	0
503	2016-05-10 00:06:09.75	2016-05-10 00:06:13.59	6	-1	1	0	0	0	0	0	0	0	0	0	0
504	2016-05-10 00:06:29.03	2016-05-10 00:06:29.28	5	1	0	0	0	0	0	0	0	0	0	0	0
504	2016-05-10 00:06:32.26	2016-05-10 00:06:32.32	6	-1	1	0	0	0	0	0	0	0	0	0	0
504	2016-05-10 00:06:32.34	2016-05-10 00:06:32.56	6	-1	1	0	0	0	0	0	0	0	0	0	0
504	2016-05-10 00:06:33.31	2016-05-10 00:06:34.32	6	-1	1	0	0	0	0	0	0	0	0	0	0
505	2016-05-10 00:07:00.12	2016-05-10 00:07:01.59	5	1	0	0	0	0	0	0	0	0	0	0	0
505	2016-05-10 00:07:05.82	2016-05-10 00:07:06.12	5	1	0	0	0	0	0	0	0	0	0	0	0
505	2016-05-10 00:07:34.29	2016-05-10 00:07:34.59	5	1	0	0	0	0	0	0	0	0	0	0	0
508	2016-05-10 00:08:30.81	2016-05-10 00:08:31.84	5	1	0	0	0	0	0	0	0	0	0	0	0
508	2016-05-10 00:08:46.14	2016-05-10 00:08:46.71	5	1	0	0	0	0	0	0	0	0	0	0	0
509	2016-05-10 00:08:56.07	2016-05-10 00:08:56.21	5	1	0	0	0	0	0	0	0	0	0	0	0
510	2016-05-10 00:09:18.85	2016-05-10 00:09:19.17	5	1	0	0	0	0	0	0	0	0	0	0	0
511	2016-05-10 00:09:50.48	2016-05-10 00:09:51.51	6	-1	1	0	0	0	0	0	0	0	0	0	0
511	2016-05-10 00:09:51.54	2016-05-10 00:09:51.57	6	-1	1	0	0	0	0	0	0	0	0	0	0
511	2016-05-10 00:09:53.96	2016-05-10 00:09:54.06	6	-1	1	0	0	0	0	0	0	0	0	0	0
511	2016-05-10 00:10:07.54	2016-05-10 00:10:08.09	6	-1	1	0	0	0	0	0	0	0	0	0	0
512	2016-05-10 00:11:35.15	2016-05-10 00:11:35.34	5	1	0	0	0	0	0	0	0	0	0	0	0
512	2016-05-10 00:11:51.07	2016-05-10 00:11:51.45	5	1	0	0	0	0	0	0	0	0	0	0	0
513	2016-05-10 00:12:03.50	2016-05-10 00:12:03.68	5	1	0	0	0	0	0	0	0	0	0	0	0
516	2016-05-10 00:12:48.03	2016-05-10 00:12:48.10	5	1	0	0	0	0	0	0	0	0	0	0	0
517	2016-05-10 00:15:51.65	2016-05-10 00:15:52.18	5	1	0	0	0	0	0	0	0	0	0	0	0
518	2016-05-10 00:17:14.89	2016-05-10 00:17:15.48	6	-1	1	0	0	0	0	0	0	0	0	0	0
519	2016-05-10 00:17:24.59	2016-05-10 00:17:24.85	5	1	0	0	0	0	0	0	0	0	0	0	0
522	2016-05-10 00:20:38.60	2016-05-10 00:20:39.00	5	1	0	0	0	0	0	0	0	0	0	0	0
523	2016-05-10 00:20:49.37	2016-05-10 00:20:49.40	5	1	0	0	0	0	0	0	0	0	0	0	0
525	2016-05-10 00:21:53.50	2016-05-10 00:21:53.90	6	-1	1	0	0	0	0	0	0	0	0	0	0
525	2016-05-10 00:21:54.45	2016-05-10 00:21:54.48	5	1	0	0	0	0	0	0	0	0	0	0	0
525	2016-05-10 00:21:54.04	2016-05-10 00:21:55.60	6	-1	1	0	0	0	0	0	0	0	0	0	0
526	2016-05-10 00:22:02.45	2016-05-10 00:22:02.54	5	1	0	0	0	0	0	0	0	0	0	0	0
528	2016-05-10 00:22:24.45	2016-05-10 00:22:24.96	5	1	0	0	0	0	0	0	0	0	0	0	0
529	2016-05-10 00:22:49.67	2016-05-10 00:22:49.79	5	1	0	0	0	0	0	0	0	0	0	0	0
531	2016-05-10 00:23:52.76	2016-05-10 00:23:53.28	5	1	0	0	0	0	0	0	0	0	0	0	0
531	2016-05-10 00:23:54.71	2016-05-10 00:23:55.37	6	-1	1	0	0	0	0	0	0	0	0	0	0
532	2016-05-10 00:24:13.31	2016-05-10 00:24:13.53	5	1	0	0	0	0	0	0	0	0	0	0	0
533	2016-05-10 00:24:34.85	2016-05-10 00:24:35.42	6	-1	1	0	0	0	0	0	0	0	0	0	0
533	2016-05-10 00:24:38.51	2016-05-10 00:24:38.85	5	1	0	0	0	0	0	0	0	0	0	0	0
535	2016-05-10 00:24:59.79	2016-05-10 00:25:00.18	5	1	0	0	0	0	0	0	0	0	0	0	0
536	2016-05-10 00:25:03.76	2016-05-10 00:25:04.00	6	-1	1	0	0	0	0	0	0	0	0	0	0
537	2016-05-10 00:26:14.20	2016-05-10 00:26:14.40	5	1	0	0	0	0	0	0	0	0	0	0	0
539	2016-05-10 00:26:29.48	2016-05-10 00:26:29.51	5	1	0	0	0	0	0	0	0	0	0	0	0
539	2016-05-10 00:26:29.57	2016-05-10 00:26:29.65	5	1	0	0	0	0	0	0	0	0	0	0	0
539	2016-05-10 00:26:29.96	2016-05-10 00:26:30.32	5	1	0	0	0	0	0	0	0	0	0	0	0
541	2016-05-10 00:27:50.62	2016-05-10 00:27:51.31	5	1	0	0	0	0	0	0	0	0	0	0	0
541	2016-05-10 00:27:51.39	2016-05-10 00:27:51.51	5	1	0	0	0	0	0	0	0	0	0	0	0
547	2016-05-10 00:30:04.26	2016-05-10 00:30:04.78	5	1	0	0	0	0	0	0	0	0	0	0	0
547	2016-05-10 00:30:04.92	2016-05-10 00:30:05.07	5	1	0	0	0	0	0	0	0	0	0	0	0
547	2016-05-10 00:30:07.37	2016-05-10 00:30:07.39	5	1	0	0	0	0	0	0	0	0	0	0	0
547	2016-05-10 00:30:07.46	2016-05-10 00:30:07.87	5	1	0	0	0	0	0	0	0	0	0	0	0
547	2016-05-10 00:30:11.70	2016-05-10 00:30:12.09	5	1	0	0	0	0	0	0	0	0	0	0	0
548	2016-05-10 00:30:46.57	2016-05-10 00:30:47.39	6	-1	1	0	0	0	0	0	0	0	0	0	0
548	2016-05-10 00:30:48.35	2016-05-10 00:30:48.89	6	-1	1	0	0	0	0	0	0	0	0	0	0
549	2016-05-10 00:31:19.51	2016-05-10 00:31:20.03	5	1	0	0	0	0	0	0	0	0	0	0	0
549	2016-05-10 00:31:20.12	2016-05-10 00:31:21.06	5	1	0	0	0	0	0	0	0	0	0	0	0
549	2016-05-10 00:33:16.15	2016-05-10 00:33:16.92	6	-1	1	0	0	0	0	0	0	0	0	0	0
552	2016-05-10 00:36:00.60	2016-05-10 00:36:01.51	5	1	0	0	0	0	0	0	0	0	0	0	0
555	2016-05-10 00:37:23.10	2016-05-10 00:37:23.92	5	1	0	0	0	0	0	0	0	0	0	0	0
555	2016-05-10 00:37:24.87	2016-05-10 00:37:25.40	5	1	0	0	0	0	0	0	0	0	0	0	0
561	2016-05-10 00:45:14.65	2016-05-10 00:45:15.51	6	-1	1	0	0	0	0	0	0	0	0	0	0
561	2016-05-10 00:45:19.34	2016-05-10 00:45:19.70	6	-1	1	0	0	0	0	0	0	0	0	0	0
561	2016-05-10 00:45:20.59	2016-05-10 00:45:20.84	6	-1	1	0	0	0	0	0	0	0	0	0	0
562	2016-05-10 00:45:38.90	2016-05-10 00:45:39.46	6	-1	1	0	0	0	0	0	0	0	0	0	0
562	2016-05-10 00:45:39.70	2016-05-10 00:45:40.65	6	-1	1	0	0	0	0	0	0	0	0	0	0
562	2016-05-10 00:47:56.62	2016-05-10 00:47:57.00	5	1	0	0	0	0	0	0	0	0	0	0	0
562	2016-05-10 00:47:57.03	2016-05-10 00:47:57.06	5	1	0	0	0	0	0	0	0	0	0	0	0
565	2016-05-10 00:48:59.93	2016-05-10 00:49:00.51	5	1	0	0	0	0	0	0	0	0	0	0	0
566	2016-05-10 00:49:41.26	2016-05-10 00:49:41.37	5	1	0	0	0	0	0	0	0	0	0	0	0
566	2016-05-10 00:49:41.90	2016-05-10 00:49:42.07	5	1	0	0	0	0	0	0	0	0	0	0	0
566	2016-05-10 00:49:42.46	2016-05-10 00:49:43.28	5	1	0	0	0	0	0	0	0	0	0	0	0
567	2016-05-10 00:50:17.76	2016-05-10 00:50:18.09	5	1	0	0	0	0	0	0	0	0	0	0	0
567	2016-05-10 00:50:23.28	2016-05-10 00:50:23.34	6	-1	1	0	0	0	0	0	0	0	0	0	0
567	2016-05-10 00:50:23.75	2016-05-10 00:50:23.93	6	-1	1	0	0	0	0	0	0	0	0	0	0
569	2016-05-10 00:52:58.73	2016-05-10 00:52:58.85	5	1	0	0	0	0	0	0	0	0	0	0	0
569	2016-05-10 00:53:15.57	2016-05-10 00:53:15.78	6	-1	1	0	0	0	0	0	0	0	0	0	0
569	2016-05-10 00:53:23.32	2016-05-10 00:53:24.93	5	1	0	0	0	0	0	0	0	0	0	0	0
569	2016-05-10 00:53:35.40	2016-05-10 00:53:35.68	6	-1	1	0	0	0	0	0	0	0	0	0	0
569	2016-05-10 00:53:35.42	2016-05-10 00:53:36.17	5	1	0	0	0	0	0	0	0	0	0	0	0
569	2016-05-10 00:53:35.90	2016-05-10 00:53:36.81	6	-1	1	0	0	0	0	0	0	0	0	0	0
570	2016-05-10 00:54:12.18	2016-05-10 00:54:13.25	5	1	0	0	0	0	0	0	0	0	0	0	0
571	2016-05-10 00:54:27.39	2016-05-10 00:54:28.20	6	-1	1	0	0	0	0	0	0	0	0	0	0
571	2016-05-10 00:54:31.18	2016-05-10 00:54:31.64	5	1	0	0	0	0	0	0	0	0	0	0	0
573	2016-05-10 00:55:20.56	2016-05-10 00:55:20.60	6	-1	1	0	0	0	0	0	0	0	0	0	0
577	2016-05-10 01:01:43.90	2016-05-10 01:01:44.89	5	1	0	0	0	0	0	0	0	0	0	0	0
581	2016-05-10 01:25:18.70	2016-05-10 01:25:20.46	5	1	0	0	0	0	0	0	0	0	0	0	0
583	2016-05-10 01:29:22.06	2016-05-10 01:29:22.45	5	1	0	0	0	0	0	0	0	0	0	0	0
583	2016-05-10 01:29:23.51	2016-05-10 01:29:23.71	6	-1	1	0	0	0	0	0	0	0	0	0	0
584	2016-05-10 01:36:04.32	2016-05-10 01:36:04.67	6	-1	1	0	0	0	0	0	0	0	0	0	0
584	2016-05-10 01:36:04.82	2016-05-10 01:36:05.50	6	-1	1	0	0	0	0	0	0	0	0	0	0
584	2016-05-10 01:36:13.03	2016-05-10 01:36:13.85	5	1	0	0	0	0	0	0	0	0	0	0	0
584	2016-05-10 01:36:15.76	2016-05-10 01:36:15.96	6	-1	1	0	0	0	0	0	0	0	0	0	0
586	2016-05-10 01:51:47.98	2016-05-10 01:51:48.54	5	1	0	0	0	0	0	0	0	0	0	0	0
586	2016-05-10 01:51:51.31	2016-05-10 01:51:51.70	5	1	0	0	0	0	0	0	0	0	0	0	0
587	2016-05-10 01:53:12.57	2016-05-10 01:53:13.79	5	1	0	0	0	0	0	0	0	0	0	0	0
587	2016-05-10 01:53:15.00	2016-05-10 01:53:16.18	5	1	0	0	0	0	0	0	0	0	0	0	0
587	2016-05-10 01:53:29.26	2016-05-10 01:53:30.32	6	-1	1	0	0	0	0	0	0	0	0	0	0
593	2016-05-10 02:11:34.54	2016-05-10 02:11:35.03	5	1	0	0	0	0	0	0	0	0	0	0	0
597	2016-05-10 02:16:45.42	2016-05-10 02:16:45.45	5	1	0	0	0	0	0	0	0	0	0	0	0
598	2016-05-10 02:19:25.23	2016-05-10 02:19:25.32	5	1	0	0	0	0	0	0	0	0	0	0	0
601	2016-05-10 02:23:29.54	2016-05-10 02:23:30.68	5	1	0	0	0	0	0	0	0	0	0	0	0
607	2016-05-10 03:49:49.90	2016-05-10 03:49:51.07	5	1	0	0	0	0	0	0	0	0	0	0	0
608	2016-05-10 03:52:30.04	2016-05-10 03:52:31.14	5	1	0	0	0	0	0	0	0	0	0	0	0
609	2016-05-10 03:52:49.34	2016-05-10 03:52:49.84	6	-1	1	0	0	0	0	0	0	0	0	0	0
609	2016-05-10 03:52:51.54	2016-05-10 03:52:52.28	5	1	0	0	0	0	0	0	0	0	0	0	0
611	2016-05-10 06:31:31.75	2016-05-10 06:31:32.34	5	1	0	0	0	0	0	0	0	0	0	0	0
612	2016-05-10 06:34:13.31	2016-05-10 06:34:13.35	5	1	0	0	0	0	0	0	0	0	0	0	0
612	2016-05-10 06:34:14.62	2016-05-10 06:34:14.90	5	1	0	0	0	0	0	0	0	0	0	0	0
612	2016-05-10 06:34:14.95	2016-05-10 06:34:14.98	5	1	0	0	0	0	0	0	0	0	0	0	0
614	2016-05-10 06:36:26.60	2016-05-10 06:36:26.95	5	1	0	0	0	0	0	0	0	0	0	0	0
615	2016-05-10 06:49:23.40	2016-05-10 06:49:23.56	5	1	0	0	0	0	0	0	0	0	0	0	0
616	2016-05-10 06:52:26.82	2016-05-10 06:52:27.42	5	1	0	0	0	0	0	0	0	0	0	0	0
619	2016-05-10 07:08:56.96	2016-05-10 07:08:57.04	6	-1	1	0	0	0	0	0	0	0	0	0	0
621	2016-05-10 07:10:23.06	2016-05-10 07:10:23.12	5	1	0	0	0	0	0	0	0	0	0	0	0
621	2016-05-10 07:10:23.15	2016-05-10 07:10:25.51	5	1	0	0	0	0	0	0	0	0	0	0	0
621	2016-05-10 07:10:28.68	2016-05-10 07:10:29.01	6	-1	1	0	0	0	0	0	0	0	0	0	0
622	2016-05-10 07:13:45.75	2016-05-10 07:13:46.31	5	1	0	0	0	0	0	0	0	0	0	0	0
623	2016-05-10 07:15:54.65	2016-05-10 07:15:55.39	5	1	0	0	0	0	0	0	0	0	0	0	0
624	2016-05-10 07:16:08.84	2016-05-10 07:16:10.17	5	1	0	0	0	0	0	0	0	0	0	0	0
626	2016-05-10 07:20:48.34	2016-05-10 07:20:49.03	5	1	0	0	0	0	0	0	0	0	0	0	0
626	2016-05-10 07:20:51.37	2016-05-10 07:20:52.00	6	-1	1	0	0	0	0	0	0	0	0	0	0
626	2016-05-10 07:20:51.81	2016-05-10 07:20:52.59	5	1	0	0	0	0	0	0	0	0	0	0	0
626	2016-05-10 07:20:53.70	2016-05-10 07:20:54.84	5	1	0	0	0	0	0	0	0	0	0	0	0
629	2016-05-10 07:21:55.73	2016-05-10 07:21:56.01	6	-1	1	0	0	0	0	0	0	0	0	0	0
629	2016-05-10 07:21:58.45	2016-05-10 07:21:58.73	6	-1	1	0	0	0	0	0	0	0	0	0	0
629	2016-05-10 07:21:58.79	2016-05-10 07:21:59.15	6	-1	1	0	0	0	0	0	0	0	0	0	0
629	2016-05-10 07:22:12.76	2016-05-10 07:22:13.18	5	1	0	0	0	0	0	0	0	0	0	0	0
629	2016-05-10 07:22:48.76	2016-05-10 07:22:48.98	5	1	0	0	0	0	0	0	0	0	0	0	0
629	2016-05-10 07:22:50.96	2016-05-10 07:22:51.17	6	-1	1	0	0	0	0	0	0	0	0	0	0
629	2016-05-10 07:22:51.28	2016-05-10 07:22:51.29	6	-1	1	0	0	0	0	0	0	0	0	0	0
630	2016-05-10 07:24:32.23	2016-05-10 07:24:33.65	5	1	0	0	0	0	0	0	0	0	0	0	0
630	2016-05-10 07:24:35.06	2016-05-10 07:24:35.46	5	1	0	0	0	0	0	0	0	0	0	0	0
630	2016-05-10 07:24:41.59	2016-05-10 07:24:41.62	5	1	0	0	0	0	0	0	0	0	0	0	0
630	2016-05-10 07:24:41.39	2016-05-10 07:24:42.40	6	-1	1	0	0	0	0	0	0	0	0	0	0
630	2016-05-10 07:24:42.29	2016-05-10 07:24:42.93	5	1	0	0	0	0	0	0	0	0	0	0	0
633	2016-05-10 07:24:56.07	2016-05-10 07:24:56.78	5	1	0	0	0	0	0	0	0	0	0	0	0
637	2016-05-10 07:30:39.42	2016-05-10 07:30:39.70	6	-1	1	0	0	0	0	0	0	0	0	0	0
637	2016-05-10 07:30:56.76	2016-05-10 07:30:57.62	5	1	0	0	0	0	0	0	0	0	0	0	0
641	2016-05-10 07:32:17.78	2016-05-10 07:32:18.68	5	1	0	0	0	0	0	0	0	0	0	0	0
643	2016-05-10 07:33:02.34	2016-05-10 07:33:04.26	5	1	0	0	0	0	0	0	0	0	0	0	0
644	2016-05-10 07:33:23.54	2016-05-10 07:33:23.65	6	-1	1	0	0	0	0	0	0	0	0	0	0
644	2016-05-10 07:33:23.67	2016-05-10 07:33:23.68	6	-1	1	0	0	0	0	0	0	0	0	0	0
644	2016-05-10 07:33:27.82	2016-05-10 07:33:27.84	5	1	0	0	0	0	0	0	0	0	0	0	0
644	2016-05-10 07:33:27.92	2016-05-10 07:33:28.28	5	1	0	0	0	0	0	0	0	0	0	0	0
644	2016-05-10 07:33:31.01	2016-05-10 07:33:31.04	5	1	0	0	0	0	0	0	0	0	0	0	0
644	2016-05-10 07:33:32.25	2016-05-10 07:33:32.25	5	1	0	0	0	0	0	0	0	0	0	0	0
644	2016-05-10 07:33:34.62	2016-05-10 07:33:34.71	5	1	0	0	0	0	0	0	0	0	0	0	0
648	2016-05-10 07:34:17.15	2016-05-10 07:34:17.73	5	1	0	0	0	0	0	0	0	0	0	0	0
648	2016-05-10 07:34:21.68	2016-05-10 07:34:22.26	5	1	0	0	0	0	0	0	0	0	0	0	0
649	2016-05-10 07:34:24.56	2016-05-10 07:34:25.40	6	-1	1	0	0	0	0	0	0	0	0	0	0
654	2016-05-10 07:37:31.76	2016-05-10 07:37:32.03	6	-1	1	0	0	0	0	0	0	0	0	0	0
654	2016-05-10 07:39:51.76	2016-05-10 07:39:52.03	6	-1	1	0	0	0	0	0	0	0	0	0	0
654	2016-05-10 07:39:52.51	2016-05-10 07:39:52.57	5	1	0	0	0	0	0	0	0	0	0	0	0
654	2016-05-10 07:39:52.10	2016-05-10 07:39:53.14	6	-1	1	0	0	0	0	0	0	0	0	0	0
654	2016-05-10 07:39:55.09	2016-05-10 07:39:55.51	5	1	0	0	0	0	0	0	0	0	0	0	0
654	2016-05-10 07:39:56.84	2016-05-10 07:39:57.39	5	1	0	0	0	0	0	0	0	0	0	0	0
654	2016-05-10 07:39:53.29	2016-05-10 07:39:58.14	6	-1	1	0	0	0	0	0	0	0	0	0	0
655	2016-05-10 07:40:16.82	2016-05-10 07:40:16.84	5	1	0	0	0	0	0	0	0	0	0	0	0
655	2016-05-10 07:41:19.70	2016-05-10 07:41:20.71	6	-1	1	0	0	0	0	0	0	0	0	0	0
655	2016-05-10 07:41:20.82	2016-05-10 07:41:21.57	5	1	0	0	0	0	0	0	0	0	0	0	0
660	2016-05-10 07:41:38.31	2016-05-10 07:41:40.25	5	1	0	0	0	0	0	0	0	0	0	0	0
660	2016-05-10 07:41:41.79	2016-05-10 07:41:42.67	5	1	0	0	0	0	0	0	0	0	0	0	0
660	2016-05-10 07:41:49.90	2016-05-10 07:41:50.29	5	1	0	0	0	0	0	0	0	0	0	0	0
661	2016-05-10 07:42:07.04	2016-05-10 07:42:07.12	6	-1	1	0	0	0	0	0	0	0	0	0	0
661	2016-05-10 07:42:07.28	2016-05-10 07:42:08.18	6	-1	1	0	0	0	0	0	0	0	0	0	0
661	2016-05-10 07:42:14.48	2016-05-10 07:42:15.43	5	1	0	0	0	0	0	0	0	0	0	0	0
661	2016-05-10 07:42:17.59	2016-05-10 07:42:17.59	5	1	0	0	0	0	0	0	0	0	0	0	0
661	2016-05-10 07:42:17.85	2016-05-10 07:42:17.93	5	1	0	0	0	0	0	0	0	0	0	0	0
663	2016-05-10 07:44:08.92	2016-05-10 07:44:09.56	5	1	0	0	0	0	0	0	0	0	0	0	0
664	2016-05-10 07:46:07.89	2016-05-10 07:46:10.93	5	1	0	0	0	0	0	0	0	0	0	0	0
664	2016-05-10 07:46:22.43	2016-05-10 07:46:23.25	6	-1	1	0	0	0	0	0	0	0	0	0	0
664	2016-05-10 07:46:29.68	2016-05-10 07:46:29.92	6	-1	1	0	0	0	0	0	0	0	0	0	0
664	2016-05-10 07:46:33.67	2016-05-10 07:46:33.89	6	-1	1	0	0	0	0	0	0	0	0	0	0
668	2016-05-10 08:06:58.14	2016-05-10 08:06:58.59	6	-1	1	0	0	0	0	0	0	0	0	0	0
668	2016-05-10 08:07:13.46	2016-05-10 08:07:14.43	5	1	0	0	0	0	0	0	0	0	0	0	0
668	2016-05-10 08:07:46.60	2016-05-10 08:07:46.64	6	-1	1	0	0	0	0	0	0	0	0	0	0
668	2016-05-10 08:07:51.20	2016-05-10 08:07:52.04	6	-1	1	0	0	0	0	0	0	0	0	0	0
668	2016-05-10 08:08:00.54	2016-05-10 08:08:01.07	6	-1	1	0	0	0	0	0	0	0	0	0	0
670	2016-05-10 08:19:22.34	2016-05-10 08:19:22.57	5	1	0	0	0	0	0	0	0	0	0	0	0
670	2016-05-10 08:19:27.46	2016-05-10 08:19:27.85	6	-1	1	0	0	0	0	0	0	0	0	0	0
670	2016-05-10 08:19:30.54	2016-05-10 08:19:30.75	6	-1	1	0	0	0	0	0	0	0	0	0	0
673	2016-05-10 08:30:35.71	2016-05-10 08:30:36.37	5	1	0	0	0	0	0	0	0	0	0	0	0
674	2016-05-10 08:32:55.31	2016-05-10 08:32:55.40	6	-1	1	0	0	0	0	0	0	0	0	0	0
674	2016-05-10 08:33:14.01	2016-05-10 08:33:14.84	6	-1	1	0	0	0	0	0	0	0	0	0	0
675	2016-05-10 08:33:36.71	2016-05-10 08:33:36.84	5	1	0	0	0	0	0	0	0	0	0	0	0
675	2016-05-10 08:33:46.32	2016-05-10 08:33:46.93	6	-1	1	0	0	0	0	0	0	0	0	0	0
675	2016-05-10 08:33:48.92	2016-05-10 08:33:49.09	6	-1	1	0	0	0	0	0	0	0	0	0	0
675	2016-05-10 08:34:01.81	2016-05-10 08:34:02.25	5	1	0	0	0	0	0	0	0	0	0	0	0
675	2016-05-10 08:34:52.65	2016-05-10 08:34:52.81	6	-1	1	0	0	0	0	0	0	0	0	0	0
675	2016-05-10 08:34:52.85	2016-05-10 08:34:52.98	6	-1	1	0	0	0	0	0	0	0	0	0	0
675	2016-05-10 08:34:53.12	2016-05-10 08:34:53.20	6	-1	1	0	0	0	0	0	0	0	0	0	0
675	2016-05-10 08:34:53.26	2016-05-10 08:34:53.29	6	-1	1	0	0	0	0	0	0	0	0	0	0
675	2016-05-10 08:34:53.60	2016-05-10 08:34:54.37	6	-1	1	0	0	0	0	0	0	0	0	0	0
675	2016-05-10 08:34:54.67	2016-05-10 08:34:58.39	5	1	0	0	0	0	0	0	0	0	0	0	0
676	2016-05-10 08:36:26.06	2016-05-10 08:36:26.60	5	1	0	0	0	0	0	0	0	0	0	0	0
676	2016-05-10 08:36:30.14	2016-05-10 08:36:30.21	6	-1	1	0	0	0	0	0	0	0	0	0	0
676	2016-05-10 08:36:30.62	2016-05-10 08:36:30.90	6	-1	1	0	0	0	0	0	0	0	0	0	0
676	2016-05-10 08:36:30.92	2016-05-10 08:36:30.96	6	-1	1	0	0	0	0	0	0	0	0	0	0
676	2016-05-10 08:36:33.35	2016-05-10 08:36:33.53	6	-1	1	0	0	0	0	0	0	0	0	0	0
676	2016-05-10 08:36:33.71	2016-05-10 08:36:33.95	6	-1	1	0	0	0	0	0	0	0	0	0	0
676	2016-05-10 08:36:34.23	2016-05-10 08:36:37.03	6	-1	1	0	0	0	0	0	0	0	0	0	0
676	2016-05-10 08:36:37.14	2016-05-10 08:36:37.23	6	-1	1	0	0	0	0	0	0	0	0	0	0
676	2016-05-10 08:36:37.57	2016-05-10 08:36:38.37	5	1	0	0	0	0	0	0	0	0	0	0	0
677	2016-05-10 08:36:59.90	2016-05-10 08:37:00.12	6	-1	1	0	0	0	0	0	0	0	0	0	0
677	2016-05-10 08:37:06.39	2016-05-10 08:37:06.46	5	1	0	0	0	0	0	0	0	0	0	0	0
677	2016-05-10 08:37:06.51	2016-05-10 08:37:09.34	5	1	0	0	0	0	0	0	0	0	0	0	0
677	2016-05-10 08:37:10.04	2016-05-10 08:37:10.68	5	1	0	0	0	0	0	0	0	0	0	0	0
677	2016-05-10 08:37:16.71	2016-05-10 08:37:17.09	5	1	0	0	0	0	0	0	0	0	0	0	0
677	2016-05-10 08:37:19.18	2016-05-10 08:37:19.85	5	1	0	0	0	0	0	0	0	0	0	0	0
677	2016-05-10 08:37:22.15	2016-05-10 08:37:22.84	5	1	0	0	0	0	0	0	0	0	0	0	0
677	2016-05-10 08:37:29.17	2016-05-10 08:37:29.59	5	1	0	0	0	0	0	0	0	0	0	0	0
677	2016-05-10 08:37:31.51	2016-05-10 08:37:31.54	5	1	0	0	0	0	0	0	0	0	0	0	0
677	2016-05-10 08:37:42.07	2016-05-10 08:37:43.25	5	1	0	0	0	0	0	0	0	0	0	0	0
677	2016-05-10 08:38:02.67	2016-05-10 08:38:02.92	6	-1	1	0	0	0	0	0	0	0	0	0	0
678	2016-05-10 08:44:32.48	2016-05-10 08:44:32.56	6	-1	1	0	0	0	0	0	0	0	0	0	0
678	2016-05-10 08:44:34.04	2016-05-10 08:44:34.82	6	-1	1	0	0	0	0	0	0	0	0	0	0
678	2016-05-10 08:44:38.64	2016-05-10 08:44:39.06	6	-1	1	0	0	0	0	0	0	0	0	0	0
678	2016-05-10 08:44:42.01	2016-05-10 08:44:42.67	6	-1	1	0	0	0	0	0	0	0	0	0	0
678	2016-05-10 08:44:42.79	2016-05-10 08:44:42.95	6	-1	1	0	0	0	0	0	0	0	0	0	0
678	2016-05-10 08:44:43.65	2016-05-10 08:44:43.95	6	-1	1	0	0	0	0	0	0	0	0	0	0
678	2016-05-10 08:44:45.79	2016-05-10 08:44:45.81	6	-1	1	0	0	0	0	0	0	0	0	0	0
678	2016-05-10 08:44:45.85	2016-05-10 08:44:45.92	6	-1	1	0	0	0	0	0	0	0	0	0	0
678	2016-05-10 08:44:58.76	2016-05-10 08:44:59.14	6	-1	1	0	0	0	0	0	0	0	0	0	0
679	2016-05-10 08:45:07.34	2016-05-10 08:45:07.70	6	-1	1	0	0	0	0	0	0	0	0	0	0
679	2016-05-10 08:45:07.75	2016-05-10 08:45:07.79	6	-1	1	0	0	0	0	0	0	0	0	0	0
679	2016-05-10 08:45:09.28	2016-05-10 08:45:09.31	6	-1	1	0	0	0	0	0	0	0	0	0	0
679	2016-05-10 08:45:09.35	2016-05-10 08:45:09.71	6	-1	1	0	0	0	0	0	0	0	0	0	0
679	2016-05-10 08:45:10.10	2016-05-10 08:45:12.21	6	-1	1	0	0	0	0	0	0	0	0	0	0
679	2016-05-10 08:45:12.23	2016-05-10 08:45:12.89	5	1	0	0	0	0	0	0	0	0	0	0	0
679	2016-05-10 08:45:12.90	2016-05-10 08:45:13.01	5	1	0	0	0	0	0	0	0	0	0	0	0
679	2016-05-10 08:45:13.04	2016-05-10 08:45:13.20	5	1	0	0	0	0	0	0	0	0	0	0	0
680	2016-05-10 08:45:24.40	2016-05-10 08:45:24.85	6	-1	1	0	0	0	0	0	0	0	0	0	0
680	2016-05-10 08:45:25.31	2016-05-10 08:45:25.40	6	-1	1	0	0	0	0	0	0	0	0	0	0
680	2016-05-10 08:45:28.15	2016-05-10 08:45:28.18	6	-1	1	0	0	0	0	0	0	0	0	0	0
680	2016-05-10 08:45:28.42	2016-05-10 08:45:29.03	6	-1	1	0	0	0	0	0	0	0	0	0	0
680	2016-05-10 08:45:29.04	2016-05-10 08:45:29.14	6	-1	1	0	0	0	0	0	0	0	0	0	0
680	2016-05-10 08:45:29.60	2016-05-10 08:45:30.78	6	-1	1	0	0	0	0	0	0	0	0	0	0
680	2016-05-10 08:45:31.20	2016-05-10 08:45:33.04	5	1	0	0	0	0	0	0	0	0	0	0	0
681	2016-05-10 08:46:17.04	2016-05-10 08:46:18.48	5	1	0	0	0	0	0	0	0	0	0	0	0
681	2016-05-10 08:46:24.59	2016-05-10 08:46:25.26	5	1	0	0	0	0	0	0	0	0	0	0	0
682	2016-05-10 08:48:53.87	2016-05-10 08:48:54.95	5	1	0	0	0	0	0	0	0	0	0	0	0
684	2016-05-10 08:49:36.51	2016-05-10 08:49:36.56	6	-1	1	0	0	0	0	0	0	0	0	0	0
684	2016-05-10 08:49:36.57	2016-05-10 08:49:36.64	6	-1	1	0	0	0	0	0	0	0	0	0	0
684	2016-05-10 08:49:36.68	2016-05-10 08:49:36.82	6	-1	1	0	0	0	0	0	0	0	0	0	0
685	2016-05-10 08:51:01.46	2016-05-10 08:51:02.18	5	1	0	0	0	0	0	0	0	0	0	0	0
686	2016-05-10 08:51:03.51	2016-05-10 08:51:03.98	6	-1	1	0	0	0	0	0	0	0	0	0	0
686	2016-05-10 08:51:03.70	2016-05-10 08:51:04.76	5	1	0	0	0	0	0	0	0	0	0	0	0
686	2016-05-10 08:51:04.82	2016-05-10 08:51:05.03	5	1	0	0	0	0	0	0	0	0	0	0	0
687	2016-05-10 08:51:17.73	2016-05-10 08:51:18.57	5	1	0	0	0	0	0	0	0	0	0	0	0
689	2016-05-10 08:53:07.67	2016-05-10 08:53:08.48	5	1	0	0	0	0	0	0	0	0	0	0	0
689	2016-05-10 08:53:11.09	2016-05-10 08:53:11.31	6	-1	1	0	0	0	0	0	0	0	0	0	0
689	2016-05-10 08:53:11.59	2016-05-10 08:53:11.98	6	-1	1	0	0	0	0	0	0	0	0	0	0
689	2016-05-10 08:53:16.35	2016-05-10 08:53:16.92	5	1	0	0	0	0	0	0	0	0	0	0	0
689	2016-05-10 08:53:54.07	2016-05-10 08:53:54.56	5	1	0	0	0	0	0	0	0	0	0	0	0
690	2016-05-10 08:56:01.82	2016-05-10 08:56:01.96	6	-1	1	0	0	0	0	0	0	0	0	0	0
690	2016-05-10 08:56:54.59	2016-05-10 08:56:55.00	5	1	0	0	0	0	0	0	0	0	0	0	0
691	2016-05-10 08:57:07.32	2016-05-10 08:57:08.28	5	1	0	0	0	0	0	0	0	0	0	0	0
693	2016-05-10 08:59:43.67	2016-05-10 08:59:44.03	6	-1	1	0	0	0	0	0	0	0	0	0	0
693	2016-05-10 08:59:44.20	2016-05-10 08:59:44.68	6	-1	1	0	0	0	0	0	0	0	0	0	0
693	2016-05-10 09:00:03.59	2016-05-10 09:00:03.60	6	-1	1	0	0	0	0	0	0	0	0	0	0
693	2016-05-10 09:00:03.76	2016-05-10 09:00:04.15	6	-1	1	0	0	0	0	0	0	0	0	0	0
693	2016-05-10 09:00:04.34	2016-05-10 09:00:04.95	6	-1	1	0	0	0	0	0	0	0	0	0	0
693	2016-05-10 09:00:05.46	2016-05-10 09:00:05.59	6	-1	1	0	0	0	0	0	0	0	0	0	0
693	2016-05-10 09:00:06.04	2016-05-10 09:00:06.25	5	1	0	0	0	0	0	0	0	0	0	0	0
693	2016-05-10 09:00:07.25	2016-05-10 09:00:07.31	6	-1	1	0	0	0	0	0	0	0	0	0	0
693	2016-05-10 09:00:07.37	2016-05-10 09:00:07.39	6	-1	1	0	0	0	0	0	0	0	0	0	0
693	2016-05-10 09:00:07.51	2016-05-10 09:00:08.42	6	-1	1	0	0	0	0	0	0	0	0	0	0
693	2016-05-10 09:00:08.84	2016-05-10 09:00:08.85	6	-1	1	0	0	0	0	0	0	0	0	0	0
694	2016-05-10 09:00:23.98	2016-05-10 09:00:24.34	6	-1	1	0	0	0	0	0	0	0	0	0	0
694	2016-05-10 09:00:27.09	2016-05-10 09:00:27.37	6	-1	1	0	0	0	0	0	0	0	0	0	0
694	2016-05-10 09:00:55.20	2016-05-10 09:00:55.59	6	-1	1	0	0	0	0	0	0	0	0	0	0
694	2016-05-10 09:00:56.18	2016-05-10 09:00:56.48	6	-1	1	0	0	0	0	0	0	0	0	0	0
694	2016-05-10 09:01:13.85	2016-05-10 09:01:14.18	6	-1	1	0	0	0	0	0	0	0	0	0	0
694	2016-05-10 09:01:21.54	2016-05-10 09:01:22.39	6	-1	1	0	0	0	0	0	0	0	0	0	0
694	2016-05-10 09:01:22.46	2016-05-10 09:01:22.48	6	-1	1	0	0	0	0	0	0	0	0	0	0
694	2016-05-10 09:01:23.60	2016-05-10 09:01:23.93	6	-1	1	0	0	0	0	0	0	0	0	0	0
694	2016-05-10 09:01:26.92	2016-05-10 09:01:27.09	6	-1	1	0	0	0	0	0	0	0	0	0	0
694	2016-05-10 09:01:27.98	2016-05-10 09:01:28.48	6	-1	1	0	0	0	0	0	0	0	0	0	0
694	2016-05-10 09:01:29.28	2016-05-10 09:01:29.87	6	-1	1	0	0	0	0	0	0	0	0	0	0
694	2016-05-10 09:01:32.43	2016-05-10 09:01:32.71	6	-1	1	0	0	0	0	0	0	0	0	0	0
694	2016-05-10 09:01:33.29	2016-05-10 09:01:33.34	6	-1	1	0	0	0	0	0	0	0	0	0	0
694	2016-05-10 09:01:36.93	2016-05-10 09:01:36.93	6	-1	1	0	0	0	0	0	0	0	0	0	0
694	2016-05-10 09:01:39.17	2016-05-10 09:01:39.23	6	-1	1	0	0	0	0	0	0	0	0	0	0
694	2016-05-10 09:01:39.25	2016-05-10 09:01:39.25	6	-1	1	0	0	0	0	0	0	0	0	0	0
694	2016-05-10 09:01:39.32	2016-05-10 09:01:40.23	6	-1	1	0	0	0	0	0	0	0	0	0	0
694	2016-05-10 09:01:41.59	2016-05-10 09:01:41.70	5	1	0	0	0	0	0	0	0	0	0	0	0
694	2016-05-10 09:01:42.12	2016-05-10 09:01:42.15	6	-1	1	0	0	0	0	0	0	0	0	0	0
694	2016-05-10 09:01:42.23	2016-05-10 09:01:42.31	6	-1	1	0	0	0	0	0	0	0	0	0	0
694	2016-05-10 09:01:42.37	2016-05-10 09:01:42.78	6	-1	1	0	0	0	0	0	0	0	0	0	0
694	2016-05-10 09:01:43.25	2016-05-10 09:01:43.39	5	1	0	0	0	0	0	0	0	0	0	0	0
694	2016-05-10 09:01:43.45	2016-05-10 09:01:43.65	5	1	0	0	0	0	0	0	0	0	0	0	0
697	2016-05-10 09:01:52.43	2016-05-10 09:01:52.57	5	1	0	0	0	0	0	0	0	0	0	0	0
697	2016-05-10 09:01:52.73	2016-05-10 09:01:53.04	5	1	0	0	0	0	0	0	0	0	0	0	0
697	2016-05-10 09:01:53.12	2016-05-10 09:01:53.89	5	1	0	0	0	0	0	0	0	0	0	0	0
697	2016-05-10 09:01:53.93	2016-05-10 09:01:54.04	5	1	0	0	0	0	0	0	0	0	0	0	0
697	2016-05-10 09:01:55.10	2016-05-10 09:01:56.26	5	1	0	0	0	0	0	0	0	0	0	0	0
697	2016-05-10 09:01:56.78	2016-05-10 09:01:56.89	5	1	0	0	0	0	0	0	0	0	0	0	0
697	2016-05-10 09:01:57.93	2016-05-10 09:02:00.03	5	1	0	0	0	0	0	0	0	0	0	0	0
697	2016-05-10 09:02:01.37	2016-05-10 09:02:01.48	5	1	0	0	0	0	0	0	0	0	0	0	0
697	2016-05-10 09:02:00.53	2016-05-10 09:02:02.34	6	-1	1	0	0	0	0	0	0	0	0	0	0
697	2016-05-10 09:02:01.89	2016-05-10 09:02:02.51	5	1	0	0	0	0	0	0	0	0	0	0	0
697	2016-05-10 09:02:02.37	2016-05-10 09:02:03.67	6	-1	1	0	0	0	0	0	0	0	0	0	0
697	2016-05-10 09:02:03.18	2016-05-10 09:02:04.82	5	1	0	0	0	0	0	0	0	0	0	0	0
697	2016-05-10 09:02:03.81	2016-05-10 09:02:05.46	6	-1	1	0	0	0	0	0	0	0	0	0	0
697	2016-05-10 09:02:05.62	2016-05-10 09:02:05.76	6	-1	1	0	0	0	0	0	0	0	0	0	0
697	2016-05-10 09:02:05.67	2016-05-10 09:02:10.15	5	1	0	0	0	0	0	0	0	0	0	0	0
697	2016-05-10 09:02:06.14	2016-05-10 09:02:10.67	6	-1	1	0	0	0	0	0	0	0	0	0	0
697	2016-05-10 09:02:10.82	2016-05-10 09:02:10.95	6	-1	1	0	0	0	0	0	0	0	0	0	0
697	2016-05-10 09:02:17.31	2016-05-10 09:02:17.79	6	-1	1	0	0	0	0	0	0	0	0	0	0
697	2016-05-10 09:02:17.90	2016-05-10 09:02:17.96	6	-1	1	0	0	0	0	0	0	0	0	0	0
697	2016-05-10 09:02:34.06	2016-05-10 09:02:34.84	5	1	0	0	0	0	0	0	0	0	0	0	0
697	2016-05-10 09:02:37.64	2016-05-10 09:02:39.09	6	-1	1	0	0	0	0	0	0	0	0	0	0
697	2016-05-10 09:02:40.89	2016-05-10 09:02:41.32	6	-1	1	0	0	0	0	0	0	0	0	0	0
698	2016-05-10 09:03:08.39	2016-05-10 09:03:08.93	5	1	0	0	0	0	0	0	0	0	0	0	0
698	2016-05-10 09:03:39.51	2016-05-10 09:03:39.59	5	1	0	0	0	0	0	0	0	0	0	0	0
698	2016-05-10 09:04:13.07	2016-05-10 09:04:13.60	5	1	0	0	0	0	0	0	0	0	0	0	0
699	2016-05-10 09:05:50.60	2016-05-10 09:05:51.31	6	-1	1	0	0	0	0	0	0	0	0	0	0
705	2016-05-10 09:19:32.31	2016-05-10 09:19:33.15	5	1	0	0	0	0	0	0	0	0	0	0	0
708	2016-05-10 09:36:23.84	2016-05-10 09:36:24.20	5	1	0	0	0	0	0	0	0	0	0	0	0
708	2016-05-10 09:36:25.90	2016-05-10 09:36:26.28	6	-1	1	0	0	0	0	0	0	0	0	0	0
710	2016-05-10 09:41:09.34	2016-05-10 09:41:09.51	5	1	0	0	0	0	0	0	0	0	0	0	0
713	2016-05-10 09:55:33.96	2016-05-10 09:55:34.46	5	1	0	0	0	0	0	0	0	0	0	0	0
717	2016-05-10 12:05:50.89	2016-05-10 12:05:51.68	5	1	0	0	0	0	0	0	0	0	0	0	0
718	2016-05-10 12:22:12.75	2016-05-10 12:22:13.67	5	1	0	0	0	0	0	0	0	0	0	0	0
719	2016-05-10 12:31:51.51	2016-05-10 12:31:52.26	5	1	0	0	0	0	0	0	0	0	0	0	0
720	2016-05-10 12:42:15.07	2016-05-10 12:42:15.92	5	1	0	0	0	0	0	0	0	0	0	0	0
720	2016-05-10 12:42:21.98	2016-05-10 12:42:22.23	6	-1	1	0	0	0	0	0	0	0	0	0	0
720	2016-05-10 12:42:43.89	2016-05-10 12:42:44.96	5	1	0	0	0	0	0	0	0	0	0	0	0
722	2016-05-10 12:49:32.98	2016-05-10 12:49:33.59	5	1	0	0	0	0	0	0	0	0	0	0	0
725	2016-05-10 12:56:26.31	2016-05-10 12:56:26.59	5	1	0	0	0	0	0	0	0	0	0	0	0
