VisitID	Start	End	Side	SideCondition	SideError	TimeError	ConditionError	LickNumber	LickContactTime	LickDuration	AirState	DoorState	LED1State	LED2State	LED3State
0	2016-05-22 11:14:58.53	2016-05-22 11:14:58.60	5	1	0	0	0	0	0	0	0	0	0	0	0
3	2016-05-22 11:17:01.76	2016-05-22 11:17:01.85	5	1	0	0	0	0	0	0	0	0	0	0	0
3	2016-05-22 11:17:02.07	2016-05-22 11:17:06.14	5	1	0	0	0	0	0	0	0	0	0	0	0
4	2016-05-22 11:17:18.32	2016-05-22 11:17:21.37	5	1	0	0	0	0	0	0	0	0	0	0	0
4	2016-05-22 11:17:21.45	2016-05-22 11:17:22.50	5	1	0	0	0	0	0	0	0	0	0	0	0
6	2016-05-22 11:19:13.73	2016-05-22 11:19:15.59	5	1	0	0	0	0	0	0	0	0	0	0	0
7	2016-05-22 11:19:56.68	2016-05-22 11:19:57.00	6	-1	1	0	0	0	0	0	0	0	0	0	0
8	2016-05-22 11:20:04.53	2016-05-22 11:20:26.45	5	1	0	0	0	0	0	0	0	0	0	0	0
8	2016-05-22 11:20:26.68	2016-05-22 11:20:47.46	5	1	0	0	0	0	0	0	0	0	0	0	0
8	2016-05-22 11:20:54.54	2016-05-22 11:20:58.56	5	1	0	0	0	0	0	0	0	0	0	0	0
8	2016-05-22 11:20:58.60	2016-05-22 11:20:58.62	5	1	0	0	0	0	0	0	0	0	0	0	0
8	2016-05-22 11:20:58.71	2016-05-22 11:20:59.18	5	1	0	0	0	0	0	0	0	0	0	0	0
8	2016-05-22 11:21:04.42	2016-05-22 11:21:05.07	5	1	0	0	0	0	0	0	0	0	0	0	0
9	2016-05-22 11:29:34.84	2016-05-22 11:29:34.89	5	1	0	0	0	0	0	0	0	0	0	0	0
9	2016-05-22 11:29:34.92	2016-05-22 11:29:34.98	5	1	0	0	0	0	0	0	0	0	0	0	0
9	2016-05-22 11:29:35.29	2016-05-22 11:29:37.17	5	1	0	0	0	0	0	0	0	0	0	0	0
10	2016-05-22 11:30:07.06	2016-05-22 11:30:07.75	5	1	0	0	0	0	0	0	0	0	0	0	0
10	2016-05-22 11:30:13.25	2016-05-22 11:30:14.62	6	-1	1	0	0	0	0	0	0	0	0	0	0
11	2016-05-22 11:35:05.31	2016-05-22 11:35:05.45	5	1	0	0	0	0	0	0	0	0	0	0	0
11	2016-05-22 11:35:06.03	2016-05-22 11:35:08.12	5	1	0	0	0	0	0	0	0	0	0	0	0
11	2016-05-22 11:35:08.18	2016-05-22 11:35:08.25	5	1	0	0	0	0	0	0	0	0	0	0	0
11	2016-05-22 11:35:08.57	2016-05-22 11:35:08.81	5	1	0	0	0	0	0	0	0	0	0	0	0
11	2016-05-22 11:35:09.03	2016-05-22 11:35:09.29	5	1	0	0	0	0	0	0	0	0	0	0	0
11	2016-05-22 11:35:09.43	2016-05-22 11:35:09.53	5	1	0	0	0	0	0	0	0	0	0	0	0
12	2016-05-22 13:40:15.46	2016-05-22 13:40:17.42	5	1	0	0	0	0	0	0	0	0	0	0	0
12	2016-05-22 13:40:18.78	2016-05-22 13:40:19.79	5	1	0	0	0	0	0	0	0	0	0	0	0
12	2016-05-22 13:40:19.92	2016-05-22 13:40:20.60	5	1	0	0	0	0	0	0	0	0	0	0	0
14	2016-05-22 13:44:51.92	2016-05-22 13:44:53.71	5	1	0	0	0	0	0	0	0	0	0	0	0
15	2016-05-22 13:56:15.15	2016-05-22 13:56:17.81	5	1	0	0	0	0	0	0	0	0	0	0	0
15	2016-05-22 13:56:18.92	2016-05-22 13:56:20.32	6	-1	1	0	0	0	0	0	0	0	0	0	0
16	2016-05-22 13:57:52.78	2016-05-22 13:57:54.89	5	1	0	0	0	0	0	0	0	0	0	0	0
18	2016-05-22 14:00:33.00	2016-05-22 14:00:34.40	5	1	0	0	0	0	0	0	0	0	0	0	0
19	2016-05-22 14:02:38.64	2016-05-22 14:02:38.89	6	-1	1	0	0	0	0	0	0	0	0	0	0
19	2016-05-22 14:02:39.81	2016-05-22 14:02:42.79	5	1	0	0	0	0	0	0	0	0	0	0	0
20	2016-05-22 14:03:02.17	2016-05-22 14:03:03.18	5	1	0	0	0	0	0	0	0	0	0	0	0
20	2016-05-22 14:03:45.00	2016-05-22 14:03:45.64	5	1	0	0	0	0	0	0	0	0	0	0	0
20	2016-05-22 14:04:16.28	2016-05-22 14:04:16.76	5	1	0	0	0	0	0	0	0	0	0	0	0
21	2016-05-22 14:10:43.92	2016-05-22 14:10:44.75	5	1	0	0	0	0	0	0	0	0	0	0	0
23	2016-05-22 16:21:26.40	2016-05-22 16:21:27.76	5	1	0	0	0	0	0	0	0	0	0	0	0
24	2016-05-22 16:36:48.17	2016-05-22 16:36:49.45	5	1	0	0	0	0	0	0	0	0	0	0	0
25	2016-05-22 16:42:17.14	2016-05-22 16:42:19.50	5	1	0	0	0	0	0	0	0	0	0	0	0
25	2016-05-22 16:42:21.39	2016-05-22 16:42:21.60	6	-1	1	0	0	0	0	0	0	0	0	0	0
25	2016-05-22 16:42:26.07	2016-05-22 16:42:26.09	6	-1	1	0	0	0	0	0	0	0	0	0	0
25	2016-05-22 16:42:26.17	2016-05-22 16:42:26.23	6	-1	1	0	0	0	0	0	0	0	0	0	0
25	2016-05-22 16:42:26.28	2016-05-22 16:42:26.34	6	-1	1	0	0	0	0	0	0	0	0	0	0
25	2016-05-22 16:42:26.37	2016-05-22 16:42:26.48	6	-1	1	0	0	0	0	0	0	0	0	0	0
25	2016-05-22 16:42:26.51	2016-05-22 16:42:27.12	5	1	0	0	0	0	0	0	0	0	0	0	0
26	2016-05-22 16:42:31.70	2016-05-22 16:42:31.79	6	-1	1	0	0	0	0	0	0	0	0	0	0
26	2016-05-22 16:42:32.07	2016-05-22 16:42:32.73	6	-1	1	0	0	0	0	0	0	0	0	0	0
26	2016-05-22 16:42:32.75	2016-05-22 16:42:32.78	6	-1	1	0	0	0	0	0	0	0	0	0	0
26	2016-05-22 16:42:34.84	2016-05-22 16:42:36.67	5	1	0	0	0	0	0	0	0	0	0	0	0
27	2016-05-22 16:58:19.40	2016-05-22 16:58:20.12	5	1	0	0	0	0	0	0	0	0	0	0	0
28	2016-05-22 17:00:21.32	2016-05-22 17:00:22.20	5	1	0	0	0	0	0	0	0	0	0	0	0
29	2016-05-22 17:10:33.25	2016-05-22 17:10:34.71	5	1	0	0	0	0	0	0	0	0	0	0	0
30	2016-05-22 17:26:39.59	2016-05-22 17:26:40.59	5	1	0	0	0	0	0	0	0	0	0	0	0
31	2016-05-22 17:28:42.67	2016-05-22 17:28:43.40	5	1	0	0	0	0	0	0	0	0	0	0	0
33	2016-05-22 17:42:50.65	2016-05-22 17:42:51.65	5	1	0	0	0	0	0	0	0	0	0	0	0
34	2016-05-22 18:00:54.17	2016-05-22 18:00:55.40	5	1	0	0	0	0	0	0	0	0	0	0	0
34	2016-05-22 18:01:01.50	2016-05-22 18:01:02.15	5	1	0	0	0	0	0	0	0	0	0	0	0
35	2016-05-22 18:03:50.82	2016-05-22 18:03:51.98	5	1	0	0	0	0	0	0	0	0	0	0	0
37	2016-05-22 18:06:04.70	2016-05-22 18:06:04.75	5	1	0	0	0	0	0	0	0	0	0	0	0
37	2016-05-22 18:06:04.76	2016-05-22 18:06:05.45	5	1	0	0	0	0	0	0	0	0	0	0	0
38	2016-05-22 18:08:11.18	2016-05-22 18:08:11.92	5	1	0	0	0	0	0	0	0	0	0	0	0
39	2016-05-22 18:08:24.01	2016-05-22 18:08:24.87	5	1	0	0	0	0	0	0	0	0	0	0	0
41	2016-05-22 18:11:16.25	2016-05-22 18:11:17.03	5	1	0	0	0	0	0	0	0	0	0	0	0
41	2016-05-22 18:11:18.98	2016-05-22 18:11:20.81	6	-1	1	0	0	0	0	0	0	0	0	0	0
41	2016-05-22 18:11:22.64	2016-05-22 18:11:22.82	6	-1	1	0	0	0	0	0	0	0	0	0	0
42	2016-05-22 18:14:06.87	2016-05-22 18:14:07.37	5	1	0	0	0	0	0	0	0	0	0	0	0
42	2016-05-22 18:14:11.34	2016-05-22 18:14:12.26	6	-1	1	0	0	0	0	0	0	0	0	0	0
42	2016-05-22 18:14:12.39	2016-05-22 18:14:12.45	6	-1	1	0	0	0	0	0	0	0	0	0	0
42	2016-05-22 18:14:12.89	2016-05-22 18:14:13.78	6	-1	1	0	0	0	0	0	0	0	0	0	0
42	2016-05-22 18:14:16.07	2016-05-22 18:14:17.20	5	1	0	0	0	0	0	0	0	0	0	0	0
42	2016-05-22 18:14:22.50	2016-05-22 18:14:23.15	5	1	0	0	0	0	0	0	0	0	0	0	0
42	2016-05-22 18:14:26.23	2016-05-22 18:14:26.68	5	1	0	0	0	0	0	0	0	0	0	0	0
43	2016-05-22 18:14:33.21	2016-05-22 18:14:33.21	6	-1	1	0	0	0	0	0	0	0	0	0	0
44	2016-05-22 18:17:48.21	2016-05-22 18:17:48.29	6	-1	1	0	0	0	0	0	0	0	0	0	0
44	2016-05-22 18:17:48.62	2016-05-22 18:17:49.62	6	-1	1	0	0	0	0	0	0	0	0	0	0
44	2016-05-22 18:17:52.04	2016-05-22 18:17:53.40	5	1	0	0	0	0	0	0	0	0	0	0	0
44	2016-05-22 18:18:03.85	2016-05-22 18:18:06.00	5	1	0	0	0	0	0	0	0	0	0	0	0
44	2016-05-22 18:18:13.21	2016-05-22 18:18:13.25	5	1	0	0	0	0	0	0	0	0	0	0	0
44	2016-05-22 18:18:13.62	2016-05-22 18:18:14.39	5	1	0	0	0	0	0	0	0	0	0	0	0
44	2016-05-22 18:18:30.56	2016-05-22 18:18:33.04	5	1	0	0	0	0	0	0	0	0	0	0	0
45	2016-05-22 18:18:41.93	2016-05-22 18:18:42.39	5	1	0	0	0	0	0	0	0	0	0	0	0
46	2016-05-22 18:26:35.98	2016-05-22 18:26:36.15	5	1	0	0	0	0	0	0	0	0	0	0	0
46	2016-05-22 18:26:36.39	2016-05-22 18:26:37.82	5	1	0	0	0	0	0	0	0	0	0	0	0
46	2016-05-22 18:26:44.37	2016-05-22 18:26:44.95	5	1	0	0	0	0	0	0	0	0	0	0	0
49	2016-05-22 18:34:36.43	2016-05-22 18:34:36.67	5	1	0	0	0	0	0	0	0	0	0	0	0
49	2016-05-22 18:34:40.12	2016-05-22 18:34:40.25	6	-1	1	0	0	0	0	0	0	0	0	0	0
49	2016-05-22 18:34:41.03	2016-05-22 18:34:41.78	6	-1	1	0	0	0	0	0	0	0	0	0	0
49	2016-05-22 18:34:42.09	2016-05-22 18:34:45.48	6	-1	1	0	0	0	0	0	0	0	0	0	0
49	2016-05-22 18:34:41.67	2016-05-22 18:34:47.01	5	1	0	0	0	0	0	0	0	0	0	0	0
49	2016-05-22 18:34:47.04	2016-05-22 18:34:47.10	5	1	0	0	0	0	0	0	0	0	0	0	0
49	2016-05-22 18:34:50.82	2016-05-22 18:34:51.01	6	-1	1	0	0	0	0	0	0	0	0	0	0
52	2016-05-22 18:35:46.12	2016-05-22 18:35:46.35	5	1	0	0	0	0	0	0	0	0	0	0	0
54	2016-05-22 18:36:33.84	2016-05-22 18:36:34.57	5	1	0	0	0	0	0	0	0	0	0	0	0
54	2016-05-22 18:36:45.31	2016-05-22 18:36:45.32	5	1	0	0	0	0	0	0	0	0	0	0	0
54	2016-05-22 18:36:45.34	2016-05-22 18:36:45.42	5	1	0	0	0	0	0	0	0	0	0	0	0
54	2016-05-22 18:36:48.20	2016-05-22 18:36:48.40	5	1	0	0	0	0	0	0	0	0	0	0	0
54	2016-05-22 18:36:50.50	2016-05-22 18:36:51.32	5	1	0	0	0	0	0	0	0	0	0	0	0
54	2016-05-22 18:36:51.06	2016-05-22 18:36:51.93	6	-1	1	0	0	0	0	0	0	0	0	0	0
57	2016-05-22 18:38:44.79	2016-05-22 18:38:44.84	5	1	0	0	0	0	0	0	0	0	0	0	0
57	2016-05-22 18:38:45.51	2016-05-22 18:38:46.25	5	1	0	0	0	0	0	0	0	0	0	0	0
58	2016-05-22 18:41:30.84	2016-05-22 18:41:32.57	6	-1	1	0	0	0	0	0	0	0	0	0	0
58	2016-05-22 18:41:39.04	2016-05-22 18:41:40.31	5	1	0	0	0	0	0	0	0	0	0	0	0
58	2016-05-22 18:41:40.48	2016-05-22 18:41:41.64	5	1	0	0	0	0	0	0	0	0	0	0	0
59	2016-05-22 18:45:12.09	2016-05-22 18:45:12.10	5	1	0	0	0	0	0	0	0	0	0	0	0
59	2016-05-22 18:45:12.28	2016-05-22 18:45:12.34	5	1	0	0	0	0	0	0	0	0	0	0	0
59	2016-05-22 18:45:12.15	2016-05-22 18:45:12.57	6	-1	1	0	0	0	0	0	0	0	0	0	0
59	2016-05-22 18:45:12.39	2016-05-22 18:45:13.31	5	1	0	0	0	0	0	0	0	0	0	0	0
59	2016-05-22 18:45:13.32	2016-05-22 18:45:13.35	5	1	0	0	0	0	0	0	0	0	0	0	0
62	2016-05-22 18:50:40.81	2016-05-22 18:50:40.84	5	1	0	0	0	0	0	0	0	0	0	0	0
62	2016-05-22 18:50:40.85	2016-05-22 18:50:40.98	5	1	0	0	0	0	0	0	0	0	0	0	0
62	2016-05-22 18:50:43.51	2016-05-22 18:50:43.71	6	-1	1	0	0	0	0	0	0	0	0	0	0
62	2016-05-22 18:50:44.10	2016-05-22 18:50:44.73	5	1	0	0	0	0	0	0	0	0	0	0	0
64	2016-05-22 18:51:05.26	2016-05-22 18:51:05.39	6	-1	1	0	0	0	0	0	0	0	0	0	0
64	2016-05-22 18:51:06.06	2016-05-22 18:51:06.10	5	1	0	0	0	0	0	0	0	0	0	0	0
64	2016-05-22 18:51:06.26	2016-05-22 18:51:06.76	5	1	0	0	0	0	0	0	0	0	0	0	0
66	2016-05-22 18:51:21.40	2016-05-22 18:51:21.64	5	1	0	0	0	0	0	0	0	0	0	0	0
66	2016-05-22 18:51:21.78	2016-05-22 18:51:22.03	6	-1	1	0	0	0	0	0	0	0	0	0	0
66	2016-05-22 18:51:22.53	2016-05-22 18:51:22.56	6	-1	1	0	0	0	0	0	0	0	0	0	0
66	2016-05-22 18:51:22.60	2016-05-22 18:51:22.65	6	-1	1	0	0	0	0	0	0	0	0	0	0
66	2016-05-22 18:51:21.85	2016-05-22 18:51:23.39	5	1	0	0	0	0	0	0	0	0	0	0	0
69	2016-05-22 18:52:54.90	2016-05-22 18:52:55.46	5	1	0	0	0	0	0	0	0	0	0	0	0
70	2016-05-22 18:52:57.56	2016-05-22 18:52:58.20	6	-1	1	0	0	0	0	0	0	0	0	0	0
70	2016-05-22 18:52:58.04	2016-05-22 18:52:58.26	5	1	0	0	0	0	0	0	0	0	0	0	0
71	2016-05-22 18:53:11.56	2016-05-22 18:53:11.78	5	1	0	0	0	0	0	0	0	0	0	0	0
72	2016-05-22 18:53:13.10	2016-05-22 18:53:13.12	5	1	0	0	0	0	0	0	0	0	0	0	0
72	2016-05-22 18:53:13.21	2016-05-22 18:53:14.17	5	1	0	0	0	0	0	0	0	0	0	0	0
73	2016-05-22 18:56:00.25	2016-05-22 18:56:00.84	5	1	0	0	0	0	0	0	0	0	0	0	0
74	2016-05-22 18:56:12.71	2016-05-22 18:56:13.68	5	1	0	0	0	0	0	0	0	0	0	0	0
75	2016-05-22 18:56:33.29	2016-05-22 18:56:34.07	5	1	0	0	0	0	0	0	0	0	0	0	0
76	2016-05-22 18:59:17.60	2016-05-22 18:59:18.35	5	1	0	0	0	0	0	0	0	0	0	0	0
76	2016-05-22 18:59:20.46	2016-05-22 18:59:20.57	6	-1	1	0	0	0	0	0	0	0	0	0	0
77	2016-05-22 19:00:29.17	2016-05-22 19:00:30.07	5	1	0	1	0	0	0	0	0	0	0	0	0
78	2016-05-22 19:01:04.93	2016-05-22 19:01:06.84	5	1	0	1	0	0	0	0	0	0	0	0	0
78	2016-05-22 19:01:07.43	2016-05-22 19:01:08.45	5	1	0	1	0	0	0	0	0	0	0	0	0
79	2016-05-22 19:02:09.56	2016-05-22 19:02:10.09	5	1	0	1	0	0	0	0	0	0	0	0	0
80	2016-05-22 19:02:17.67	2016-05-22 19:02:18.18	5	1	0	1	0	0	0	0	0	0	0	0	0
82	2016-05-22 19:02:31.14	2016-05-22 19:02:31.60	5	1	0	1	0	0	0	0	0	0	0	0	0
82	2016-05-22 19:02:32.25	2016-05-22 19:02:32.82	5	1	0	1	0	0	0	0	0	0	0	0	0
82	2016-05-22 19:02:34.31	2016-05-22 19:02:34.79	5	1	0	1	0	0	0	0	0	0	0	0	0
82	2016-05-22 19:02:37.29	2016-05-22 19:02:38.04	6	-1	1	1	0	0	0	0	0	0	0	0	0
83	2016-05-22 19:02:50.42	2016-05-22 19:02:50.60	5	1	0	1	0	0	0	0	0	0	0	0	0
85	2016-05-22 19:04:21.48	2016-05-22 19:04:29.32	5	1	0	0	0	6	0.62	0.96875	0	0	0	0	0
86	2016-05-22 19:04:35.65	2016-05-22 19:04:40.62	5	1	0	1	0	0	0	0	0	0	0	0	0
87	2016-05-22 19:04:49.45	2016-05-22 19:05:05.07	5	1	0	0	0	12	0.93	1.625	0	0	0	0	0
88	2016-05-22 19:05:10.32	2016-05-22 19:05:21.98	5	1	0	0	0	8	0.634	1.046875	0	0	0	0	0
89	2016-05-22 19:05:26.68	2016-05-22 19:05:33.03	5	1	0	0	0	9	0.55	1.15625	0	0	0	0	0
90	2016-05-22 19:05:41.68	2016-05-22 19:05:42.93	5	1	0	1	0	0	0	0	0	0	0	0	0
91	2016-05-22 19:05:48.03	2016-05-22 19:06:14.73	5	1	0	0	0	9	0.582	1.21875	0	0	0	0	0
92	2016-05-22 19:06:20.04	2016-05-22 19:06:31.96	5	1	0	0	0	18	1.085	2.15625	0	0	0	0	0
93	2016-05-22 19:06:37.53	2016-05-22 19:06:38.07	5	1	0	1	0	0	0	0	0	0	0	0	0
94	2016-05-22 19:06:43.89	2016-05-22 19:06:44.95	5	1	0	1	0	0	0	0	0	0	0	0	0
95	2016-05-22 19:06:49.60	2016-05-22 19:07:13.43	5	1	0	0	0	6	0.327	0.75	0	0	0	0	0
96	2016-05-22 19:07:20.48	2016-05-22 19:07:36.64	5	1	0	0	0	8	0.498	1.046875	0	0	0	0	0
97	2016-05-22 19:07:40.67	2016-05-22 19:07:51.03	5	1	0	0	0	13	1	1.671875	0	0	0	0	0
98	2016-05-22 19:07:55.34	2016-05-22 19:07:56.70	5	1	0	1	0	0	0	0	0	0	0	0	0
99	2016-05-22 19:08:02.82	2016-05-22 19:08:17.53	5	1	0	0	0	11	0.68	1.375	0	0	0	0	0
100	2016-05-22 19:08:23.00	2016-05-22 19:08:27.43	5	1	0	0	0	18	1.153	2.09375	0	0	0	0	0
100	2016-05-22 19:08:27.64	2016-05-22 19:08:28.45	5	1	0	1	0	0	0	0	0	0	0	0	0
100	2016-05-22 19:08:28.48	2016-05-22 19:08:28.54	5	1	0	1	0	0	0	0	0	0	0	0	0
100	2016-05-22 19:08:28.64	2016-05-22 19:08:28.67	5	1	0	1	0	0	0	0	0	0	0	0	0
100	2016-05-22 19:08:28.73	2016-05-22 19:08:36.76	5	1	0	1	0	0	0	0	0	0	0	0	0
101	2016-05-22 19:08:53.51	2016-05-22 19:09:03.87	5	1	0	0	0	4	0.172	0.453125	0	0	0	0	0
102	2016-05-22 19:09:12.35	2016-05-22 19:09:24.75	5	1	0	0	0	11	0.816	1.40625	0	0	0	0	0
103	2016-05-22 19:09:37.23	2016-05-22 19:09:48.87	5	1	0	0	0	9	0.583	1.28125	0	0	0	0	0
105	2016-05-22 19:11:55.20	2016-05-22 19:12:08.62	5	1	0	0	0	9	0.641	1.15625	0	0	0	0	0
106	2016-05-22 19:12:14.96	2016-05-22 19:12:38.28	5	1	0	0	0	9	0.439	0.953125	0	0	0	0	0
106	2016-05-22 19:12:38.40	2016-05-22 19:12:39.53	5	1	0	1	0	0	0	0	0	0	0	0	0
107	2016-05-22 19:12:46.87	2016-05-22 19:13:05.59	5	1	0	0	0	14	0.847	1.765625	0	0	0	0	0
108	2016-05-22 19:13:11.70	2016-05-22 19:13:11.98	5	1	0	1	0	0	0	0	0	0	0	0	0
109	2016-05-22 19:13:21.85	2016-05-22 19:13:33.59	5	1	0	0	0	11	0.677	1.328125	0	0	0	0	0
110	2016-05-22 19:13:37.65	2016-05-22 19:13:37.67	5	1	0	1	0	0	0	0	0	0	0	0	0
110	2016-05-22 19:13:38.87	2016-05-22 19:13:39.59	5	1	0	1	0	0	0	0	0	0	0	0	0
111	2016-05-22 19:13:48.28	2016-05-22 19:14:07.84	5	1	0	0	0	12	0.691	1.34375	0	0	0	0	0
112	2016-05-22 19:14:13.98	2016-05-22 19:14:27.82	5	1	0	0	0	9	0.552	1.09375	0	0	0	0	0
112	2016-05-22 19:14:27.84	2016-05-22 19:14:35.76	5	1	0	1	0	0	0	0	0	0	0	0	0
113	2016-05-22 19:14:41.84	2016-05-22 19:14:59.12	5	1	0	0	0	20	1.269	2.46875	0	0	0	0	0
114	2016-05-22 19:15:12.92	2016-05-22 19:15:31.29	5	1	0	0	0	10	0.511	1.171875	0	0	0	0	0
115	2016-05-22 19:15:38.09	2016-05-22 19:15:38.43	5	1	0	1	0	0	0	0	0	0	0	0	0
116	2016-05-22 19:16:38.78	2016-05-22 19:16:48.32	5	1	0	0	0	12	0.751	1.546875	0	0	0	0	0
117	2016-05-22 19:16:57.75	2016-05-22 19:17:05.71	5	1	0	0	0	5	0.41	0.75	0	0	0	0	0
117	2016-05-22 19:17:05.89	2016-05-22 19:17:06.51	5	1	0	1	0	0	0	0	0	0	0	0	0
118	2016-05-22 19:17:26.87	2016-05-22 19:17:27.00	5	1	0	1	0	0	0	0	0	0	0	0	0
118	2016-05-22 19:17:27.60	2016-05-22 19:17:28.15	5	1	0	1	0	0	0	0	0	0	0	0	0
119	2016-05-22 19:17:53.68	2016-05-22 19:18:08.15	5	1	0	0	0	8	0.595	1.21875	0	0	0	0	0
120	2016-05-22 19:18:12.17	2016-05-22 19:18:12.25	5	1	0	1	0	0	0	0	0	0	0	0	0
120	2016-05-22 19:18:13.21	2016-05-22 19:18:13.46	5	1	0	1	0	0	0	0	0	0	0	0	0
120	2016-05-22 19:18:14.28	2016-05-22 19:18:14.59	5	1	0	1	0	0	0	0	0	0	0	0	0
121	2016-05-22 19:18:34.42	2016-05-22 19:18:49.01	5	1	0	0	0	6	0.44	0.921875	0	0	0	0	0
121	2016-05-22 19:18:53.87	2016-05-22 19:18:53.98	5	1	0	1	0	0	0	0	0	0	0	0	0
122	2016-05-22 19:19:10.75	2016-05-22 19:19:11.07	5	1	0	1	0	0	0	0	0	0	0	0	0
122	2016-05-22 19:19:11.34	2016-05-22 19:19:11.87	5	1	0	1	0	0	0	0	0	0	0	0	0
123	2016-05-22 19:19:42.09	2016-05-22 19:19:53.54	5	1	0	0	0	7	0.454	0.984375	0	0	0	0	0
124	2016-05-22 19:19:59.18	2016-05-22 19:19:59.25	5	1	0	0	0	0	0	0	0	0	0	0	0
124	2016-05-22 19:19:59.32	2016-05-22 19:20:11.07	5	1	0	0	0	8	0.462	1.078125	0	0	0	0	0
124	2016-05-22 19:20:15.85	2016-05-22 19:20:16.12	5	1	0	1	0	0	0	0	0	0	0	0	0
125	2016-05-22 19:23:30.75	2016-05-22 19:23:43.56	5	1	0	0	0	10	0.581	1.203125	0	0	0	0	0
126	2016-05-22 19:23:49.64	2016-05-22 19:24:05.54	5	1	0	0	0	14	0.847	1.765625	0	0	0	0	0
127	2016-05-22 19:24:10.75	2016-05-22 19:24:27.57	5	1	0	0	0	12	0.735	1.515625	0	0	0	0	0
128	2016-05-22 19:24:34.62	2016-05-22 19:24:52.51	5	1	0	0	0	11	0.734	1.5	0	0	0	0	0
129	2016-05-22 19:24:57.10	2016-05-22 19:25:03.23	5	1	0	0	0	6	0.368	0.75	0	0	0	0	0
130	2016-05-22 19:25:25.60	2016-05-22 19:25:35.09	5	1	0	0	0	12	0.863	1.71875	0	0	0	0	0
131	2016-05-22 19:25:39.59	2016-05-22 19:25:50.12	5	1	0	0	0	12	0.68	1.46875	0	0	0	0	0
131	2016-05-22 19:25:56.34	2016-05-22 19:25:56.65	5	1	0	1	0	0	0	0	0	0	0	0	0
132	2016-05-22 19:26:09.00	2016-05-22 19:26:21.03	5	1	0	0	0	8	0.553	1.09375	0	0	0	0	0
133	2016-05-22 19:26:26.60	2016-05-22 19:26:31.68	5	1	0	0	0	9	0.972	1.59375	0	0	0	0	0
134	2016-05-22 19:26:34.64	2016-05-22 19:26:35.42	5	1	0	1	0	0	0	0	0	0	0	0	0
135	2016-05-22 19:26:39.87	2016-05-22 19:26:51.50	5	1	0	0	0	7	0.37	0.921875	0	0	0	0	0
136	2016-05-22 19:26:56.56	2016-05-22 19:27:00.82	5	1	0	0	0	11	0.707	1.40625	0	0	0	0	0
137	2016-05-22 19:27:06.84	2016-05-22 19:27:07.06	5	1	0	1	0	0	0	0	0	0	0	0	0
137	2016-05-22 19:27:09.40	2016-05-22 19:27:09.85	5	1	0	1	0	0	0	0	0	0	0	0	0
138	2016-05-22 19:27:14.85	2016-05-22 19:27:14.93	5	1	0	1	0	0	0	0	0	0	0	0	0
139	2016-05-22 19:27:26.32	2016-05-22 19:27:26.62	5	1	0	1	0	0	0	0	0	0	0	0	0
140	2016-05-22 19:27:33.67	2016-05-22 19:27:47.39	5	1	0	0	0	10	0.679	1.40625	0	0	0	0	0
141	2016-05-22 19:28:01.07	2016-05-22 19:28:12.96	5	1	0	0	0	10	0.666	1.375	0	0	0	0	0
141	2016-05-22 19:28:16.21	2016-05-22 19:28:16.35	5	1	0	1	0	0	0	0	0	0	0	0	0
141	2016-05-22 19:28:16.40	2016-05-22 19:28:16.70	5	1	0	1	0	0	0	0	0	0	0	0	0
142	2016-05-22 19:28:25.15	2016-05-22 19:28:36.29	5	1	0	0	0	11	0.751	1.609375	0	0	0	0	0
142	2016-05-22 19:28:43.54	2016-05-22 19:28:43.70	5	1	0	1	0	0	0	0	0	0	0	0	0
143	2016-05-22 19:28:54.23	2016-05-22 19:29:07.82	5	1	0	0	0	10	0.679	1.375	0	0	0	0	0
143	2016-05-22 19:29:12.81	2016-05-22 19:29:12.92	5	1	0	1	0	0	0	0	0	0	0	0	0
143	2016-05-22 19:29:13.76	2016-05-22 19:29:13.84	5	1	0	1	0	0	0	0	0	0	0	0	0
143	2016-05-22 19:29:14.70	2016-05-22 19:29:14.89	5	1	0	1	0	0	0	0	0	0	0	0	0
144	2016-05-22 19:29:24.21	2016-05-22 19:29:40.68	5	1	0	0	0	10	0.805	1.375	0	0	0	0	0
145	2016-05-22 19:29:53.07	2016-05-22 19:29:53.18	5	1	0	1	0	0	0	0	0	0	0	0	0
145	2016-05-22 19:29:54.35	2016-05-22 19:29:54.95	5	1	0	1	0	0	0	0	0	0	0	0	0
146	2016-05-22 19:30:16.93	2016-05-22 19:30:23.42	5	1	0	0	0	9	0.652	1.328125	0	0	0	0	0
147	2016-05-22 19:30:28.34	2016-05-22 19:30:37.75	5	1	0	0	0	9	0.555	1.1875	0	0	0	0	0
148	2016-05-22 19:30:48.07	2016-05-22 19:30:48.10	5	1	0	1	0	0	0	0	0	0	0	0	0
148	2016-05-22 19:30:49.68	2016-05-22 19:30:49.84	5	1	0	1	0	0	0	0	0	0	0	0	0
149	2016-05-22 19:31:26.28	2016-05-22 19:31:27.35	5	1	0	1	0	0	0	0	0	0	0	0	0
150	2016-05-22 19:33:55.71	2016-05-22 19:34:09.00	5	1	0	0	0	11	0.511	1.171875	0	0	0	0	0
151	2016-05-22 19:34:54.60	2016-05-22 19:34:54.64	5	1	0	1	0	0	0	0	0	0	0	0	0
151	2016-05-22 19:34:55.75	2016-05-22 19:34:55.92	5	1	0	1	0	0	0	0	0	0	0	0	0
152	2016-05-22 19:39:06.51	2016-05-22 19:39:15.95	5	1	0	0	0	13	0.889	1.609375	0	0	0	0	0
153	2016-05-22 19:39:21.35	2016-05-22 19:39:32.20	5	1	0	0	0	8	0.51	1	0	0	0	0	0
154	2016-05-22 19:39:40.57	2016-05-22 19:39:52.96	5	1	0	0	0	13	0.803	1.53125	0	0	0	0	0
155	2016-05-22 19:40:01.65	2016-05-22 19:40:13.20	5	1	0	0	0	13	0.944	1.65625	0	0	0	0	0
156	2016-05-22 19:40:20.14	2016-05-22 19:40:33.31	5	1	0	0	0	8	0.554	1.21875	0	0	0	0	0
157	2016-05-22 19:40:41.40	2016-05-22 19:40:46.85	5	1	0	0	0	11	0.719	1.265625	0	0	0	0	0
158	2016-05-22 19:40:50.59	2016-05-22 19:40:50.64	5	1	0	1	0	0	0	0	0	0	0	0	0
158	2016-05-22 19:40:50.87	2016-05-22 19:40:51.06	5	1	0	1	0	0	0	0	0	0	0	0	0
158	2016-05-22 19:40:51.62	2016-05-22 19:40:51.78	5	1	0	1	0	0	0	0	0	0	0	0	0
158	2016-05-22 19:40:52.06	2016-05-22 19:40:52.18	5	1	0	1	0	0	0	0	0	0	0	0	0
159	2016-05-22 19:40:58.93	2016-05-22 19:41:08.81	5	1	0	0	0	10	0.784	1.390625	0	0	0	0	0
160	2016-05-22 19:41:13.95	2016-05-22 19:41:25.26	5	1	0	0	0	9	0.58	1.1875	0	0	0	0	0
161	2016-05-22 19:41:31.65	2016-05-22 19:41:39.59	5	1	0	0	0	7	0.384	0.890625	0	0	0	0	0
161	2016-05-22 19:41:46.45	2016-05-22 19:41:46.50	5	1	0	1	0	0	0	0	0	0	0	0	0
162	2016-05-22 19:41:55.28	2016-05-22 19:42:07.62	5	1	0	0	0	12	0.848	1.640625	0	0	0	0	0
163	2016-05-22 19:42:20.45	2016-05-22 19:42:33.56	5	1	0	0	0	11	0.75	1.53125	0	0	0	0	0
164	2016-05-22 19:42:37.73	2016-05-22 19:42:37.79	5	1	0	1	0	0	0	0	0	0	0	0	0
165	2016-05-22 19:42:49.73	2016-05-22 19:43:01.35	5	1	0	0	0	8	0.622	1.1875	0	0	0	0	0
165	2016-05-22 19:43:06.42	2016-05-22 19:43:06.51	5	1	0	1	0	0	0	0	0	0	0	0	0
166	2016-05-22 20:13:18.92	2016-05-22 20:13:19.29	5	1	0	1	0	0	0	0	0	0	0	0	0
166	2016-05-22 20:13:19.95	2016-05-22 20:13:20.25	5	1	0	1	0	0	0	0	0	0	0	0	0
167	2016-05-22 20:13:58.87	2016-05-22 20:13:59.40	5	1	0	1	0	0	0	0	0	0	0	0	0
169	2016-05-22 20:15:29.34	2016-05-22 20:15:29.75	5	1	0	1	0	0	0	0	0	0	0	0	0
170	2016-05-22 20:16:05.20	2016-05-22 20:16:05.67	5	1	0	1	0	0	0	0	0	0	0	0	0
171	2016-05-22 20:16:58.57	2016-05-22 20:17:08.96	5	1	0	0	0	10	0.764	1.53125	0	0	0	0	0
172	2016-05-22 20:17:20.01	2016-05-22 20:17:30.51	5	1	0	0	0	6	0.341	0.765625	0	0	0	0	0
173	2016-05-22 20:17:38.89	2016-05-22 20:17:47.21	5	1	0	0	0	7	0.495	0.96875	0	0	0	0	0
174	2016-05-22 20:17:55.79	2016-05-22 20:18:05.53	5	1	0	0	0	10	0.663	1.25	0	0	0	0	0
175	2016-05-22 20:19:53.95	2016-05-22 20:20:01.35	5	1	0	0	0	5	0.226	0.46875	0	0	0	0	0
176	2016-05-22 20:20:06.60	2016-05-22 20:20:13.10	5	1	0	0	0	9	0.663	1.234375	0	0	0	0	0
177	2016-05-22 20:20:18.93	2016-05-22 20:20:19.82	5	1	0	1	0	0	0	0	0	0	0	0	0
178	2016-05-22 20:21:15.43	2016-05-22 20:21:24.34	5	1	0	0	0	7	0.482	0.96875	0	0	0	0	0
179	2016-05-22 20:21:31.35	2016-05-22 20:21:37.75	5	1	0	0	0	12	1.097	1.796875	0	0	0	0	0
180	2016-05-22 20:21:46.03	2016-05-22 20:21:51.40	5	1	0	0	0	3	0.227	0.46875	0	0	0	0	0
181	2016-05-22 20:21:58.51	2016-05-22 20:22:08.04	5	1	0	0	0	11	0.655	1.28125	0	0	0	0	0
182	2016-05-22 20:22:33.04	2016-05-22 20:22:33.17	5	1	0	1	0	0	0	0	0	0	0	0	0
182	2016-05-22 20:22:34.17	2016-05-22 20:22:34.39	5	1	0	1	0	0	0	0	0	0	0	0	0
182	2016-05-22 20:22:34.48	2016-05-22 20:22:34.54	5	1	0	1	0	0	0	0	0	0	0	0	0
183	2016-05-22 20:24:01.25	2016-05-22 20:24:14.96	5	1	0	0	0	13	0.973	1.6875	0	0	0	0	0
184	2016-05-22 20:24:21.43	2016-05-22 20:24:34.53	5	1	0	0	0	8	0.482	1.03125	0	0	0	0	0
184	2016-05-22 20:24:34.54	2016-05-22 20:24:34.56	5	1	0	1	0	0	0	0	0	0	0	0	0
185	2016-05-22 20:24:41.79	2016-05-22 20:24:48.14	5	1	0	0	0	8	0.912	1.5	0	0	0	0	0
186	2016-05-22 20:24:52.76	2016-05-22 20:25:01.25	5	1	0	0	0	18	1.24	2.203125	0	0	0	0	0
187	2016-05-22 20:25:07.45	2016-05-22 20:25:07.50	5	1	0	0	0	0	0	0	0	0	0	0	0
187	2016-05-22 20:25:07.51	2016-05-22 20:25:28.62	5	1	0	0	0	13	0.86	1.671875	0	0	0	0	0
188	2016-05-22 20:25:46.46	2016-05-22 20:25:55.34	5	1	0	0	0	6	0.384	0.828125	0	0	0	0	0
189	2016-05-22 20:26:02.39	2016-05-22 20:26:17.89	5	1	0	0	0	7	0.411	0.84375	0	0	0	0	0
189	2016-05-22 20:26:17.92	2016-05-22 20:26:19.64	5	1	0	1	0	0	0	0	0	0	0	0	0
190	2016-05-22 20:26:27.76	2016-05-22 20:26:42.29	5	1	0	0	0	6	0.327	0.78125	0	0	0	0	0
190	2016-05-22 20:26:50.46	2016-05-22 20:26:51.09	5	1	0	1	0	0	0	0	0	0	0	0	0
191	2016-05-22 20:26:55.07	2016-05-22 20:27:02.43	5	1	0	0	0	11	0.848	1.5625	0	0	0	0	0
192	2016-05-22 20:27:08.12	2016-05-22 20:27:13.45	5	1	0	0	0	5	0.257	0.640625	0	0	0	0	0
193	2016-05-22 20:27:20.01	2016-05-22 20:27:20.84	5	1	0	1	0	0	0	0	0	0	0	0	0
194	2016-05-22 20:27:43.73	2016-05-22 20:27:51.71	5	1	0	0	0	7	0.509	0.984375	0	0	0	0	0
195	2016-05-22 20:28:00.46	2016-05-22 20:28:09.75	5	1	0	0	0	9	0.552	1.171875	0	0	0	0	0
196	2016-05-22 20:28:13.26	2016-05-22 20:28:18.82	5	1	0	0	0	6	0.453	0.90625	0	0	0	0	0
197	2016-05-22 20:28:24.59	2016-05-22 20:28:35.73	5	1	0	0	0	15	1.528	2.53125	0	0	0	0	0
198	2016-05-22 20:28:39.46	2016-05-22 20:28:40.00	5	1	0	1	0	0	0	0	0	0	0	0	0
199	2016-05-22 20:28:41.75	2016-05-22 20:28:41.90	5	1	0	1	0	0	0	0	0	0	0	0	0
199	2016-05-22 20:28:41.95	2016-05-22 20:28:42.42	6	-1	1	1	0	0	0	0	0	0	0	0	0
199	2016-05-22 20:28:42.43	2016-05-22 20:28:42.87	5	1	0	1	0	0	0	0	0	0	0	0	0
199	2016-05-22 20:28:45.50	2016-05-22 20:28:45.53	5	1	0	1	0	0	0	0	0	0	0	0	0
199	2016-05-22 20:28:45.59	2016-05-22 20:28:45.78	5	1	0	1	0	0	0	0	0	0	0	0	0
199	2016-05-22 20:28:45.90	2016-05-22 20:28:45.96	5	1	0	1	0	0	0	0	0	0	0	0	0
199	2016-05-22 20:28:53.79	2016-05-22 20:28:53.82	5	1	0	1	0	0	0	0	0	0	0	0	0
199	2016-05-22 20:28:54.96	2016-05-22 20:28:54.98	5	1	0	1	0	0	0	0	0	0	0	0	0
200	2016-05-22 20:28:59.96	2016-05-22 20:29:00.50	5	1	0	1	0	0	0	0	0	0	0	0	0
201	2016-05-22 20:29:09.17	2016-05-22 20:29:59.82	5	1	0	0	0	11	0.72	1.46875	0	0	0	0	0
202	2016-05-22 20:30:13.67	2016-05-22 20:30:43.23	5	1	0	0	0	6	0.437	0.796875	0	0	0	0	0
203	2016-05-22 20:30:48.64	2016-05-22 20:31:19.90	5	1	0	0	0	8	0.496	1.046875	0	0	0	0	0
204	2016-05-22 20:31:24.98	2016-05-22 20:31:25.18	5	1	0	1	0	0	0	0	0	0	0	0	0
204	2016-05-22 20:31:26.59	2016-05-22 20:31:26.98	5	1	0	1	0	0	0	0	0	0	0	0	0
205	2016-05-22 20:31:34.06	2016-05-22 20:31:34.29	5	1	0	1	0	0	0	0	0	0	0	0	0
206	2016-05-22 20:31:55.07	2016-05-22 20:32:36.10	5	1	0	0	0	7	0.537	1.078125	0	0	0	0	0
207	2016-05-22 20:32:51.06	2016-05-22 20:33:34.23	5	1	0	0	0	9	0.54	1.203125	0	0	0	0	0
208	2016-05-22 20:33:42.45	2016-05-22 20:34:13.82	5	1	0	0	0	9	0.563	1.09375	0	0	0	0	0
209	2016-05-22 20:34:18.00	2016-05-22 20:34:18.01	5	1	0	0	0	0	0	0	0	0	0	0	0
209	2016-05-22 20:34:18.03	2016-05-22 20:35:12.53	5	1	0	0	0	13	0.89	1.765625	0	0	0	0	0
210	2016-05-22 20:35:22.14	2016-05-22 20:35:41.00	5	1	0	0	0	11	0.706	1.4375	0	0	0	0	0
211	2016-05-22 20:35:45.45	2016-05-22 20:35:50.39	5	1	0	0	0	13	0.986	1.84375	0	0	0	0	0
211	2016-05-22 20:35:51.06	2016-05-22 20:35:51.42	5	1	0	1	0	0	0	0	0	0	0	0	0
212	2016-05-22 20:35:56.84	2016-05-22 20:36:13.54	5	1	0	0	0	8	0.731	1.1875	0	0	0	0	0
213	2016-05-22 20:47:32.98	2016-05-22 20:47:33.03	5	1	0	1	0	0	0	0	0	0	0	0	0
213	2016-05-22 20:47:34.70	2016-05-22 20:47:35.20	5	1	0	1	0	0	0	0	0	0	0	0	0
214	2016-05-22 20:49:52.57	2016-05-22 20:50:01.06	5	1	0	0	0	11	1.071	1.734375	0	0	0	0	0
215	2016-05-22 20:50:20.17	2016-05-22 20:50:20.29	5	1	0	1	0	0	0	0	0	0	0	0	0
216	2016-05-22 21:05:43.35	2016-05-22 21:05:51.87	5	1	0	0	0	9	0.454	1.03125	0	0	0	0	0
217	2016-05-22 21:06:02.81	2016-05-22 21:06:18.64	5	1	0	0	0	7	0.454	0.953125	0	0	0	0	0
217	2016-05-22 21:06:18.85	2016-05-22 21:06:19.56	5	1	0	1	0	0	0	0	0	0	0	0	0
218	2016-05-22 21:06:27.82	2016-05-22 21:06:27.89	5	1	0	1	0	0	0	0	0	0	0	0	0
218	2016-05-22 21:06:27.89	2016-05-22 21:06:28.03	5	1	0	1	0	0	0	0	0	0	0	0	0
219	2016-05-22 21:10:49.70	2016-05-22 21:10:50.12	5	1	0	1	0	0	0	0	0	0	0	0	0
220	2016-05-22 21:13:12.12	2016-05-22 21:13:22.10	5	1	0	0	0	7	0.494	0.90625	0	0	0	0	0
221	2016-05-22 21:13:49.42	2016-05-22 21:13:59.56	5	1	0	0	0	4	0.508	0.8125	0	0	0	0	0
221	2016-05-22 21:13:59.67	2016-05-22 21:13:59.71	5	1	0	1	0	0	0	0	0	0	0	0	0
222	2016-05-22 21:14:09.46	2016-05-22 21:14:22.68	5	1	0	0	0	10	0.693	1.375	0	0	0	0	0
223	2016-05-22 21:14:30.00	2016-05-22 21:14:41.34	5	1	0	0	0	5	0.353	0.671875	0	0	0	0	0
224	2016-05-22 21:14:51.54	2016-05-22 21:14:59.96	5	1	0	0	0	6	0.327	0.78125	0	0	0	0	0
225	2016-05-22 21:15:06.14	2016-05-22 21:15:17.26	5	1	0	0	0	7	0.494	0.90625	0	0	0	0	0
226	2016-05-22 21:15:24.93	2016-05-22 21:15:37.00	5	1	0	0	0	8	0.721	1.265625	0	0	0	0	0
227	2016-05-22 21:15:53.82	2016-05-22 21:16:03.75	5	1	0	0	0	6	0.424	0.828125	0	0	0	0	0
228	2016-05-22 21:16:15.81	2016-05-22 21:16:33.96	5	1	0	0	0	9	0.607	1.1875	0	0	0	0	0
229	2016-05-22 21:16:58.37	2016-05-22 21:16:58.85	5	1	0	1	0	0	0	0	0	0	0	0	0
229	2016-05-22 21:17:00.90	2016-05-22 21:17:01.26	5	1	0	1	0	0	0	0	0	0	0	0	0
230	2016-05-22 21:18:19.20	2016-05-22 21:18:26.62	5	1	0	0	0	9	0.638	1.34375	0	0	0	0	0
231	2016-05-22 21:18:42.65	2016-05-22 21:18:52.54	5	1	0	0	0	5	0.27	0.640625	0	0	0	0	0
232	2016-05-22 21:19:00.79	2016-05-22 21:19:14.65	5	1	0	0	0	13	0.86	1.640625	0	0	0	0	0
233	2016-05-22 21:19:49.67	2016-05-22 21:20:05.73	5	1	0	0	0	8	0.453	1.03125	0	0	0	0	0
233	2016-05-22 21:20:11.32	2016-05-22 21:20:11.46	5	1	0	1	0	0	0	0	0	0	0	0	0
234	2016-05-22 21:20:18.14	2016-05-22 21:20:41.71	5	1	0	0	0	5	0.355	0.765625	0	0	0	0	0
235	2016-05-22 21:20:53.79	2016-05-22 21:21:23.15	5	1	0	0	0	11	0.652	1.40625	0	0	0	0	0
236	2016-05-22 21:21:29.00	2016-05-22 21:21:52.37	5	1	0	0	0	7	0.398	0.90625	0	0	0	0	0
237	2016-05-22 21:22:03.75	2016-05-22 21:22:08.00	5	1	0	0	0	14	1.009	1.875	0	0	0	0	0
238	2016-05-22 21:22:17.20	2016-05-22 21:22:23.79	5	1	0	0	0	5	0.563	0.875	0	0	0	0	0
239	2016-05-22 21:30:08.56	2016-05-22 21:30:15.07	5	1	0	0	0	10	0.778	1.53125	0	0	0	0	0
240	2016-05-22 21:30:21.82	2016-05-22 21:30:29.46	5	1	0	0	0	5	0.382	0.71875	0	0	0	0	0
241	2016-05-22 21:30:35.50	2016-05-22 21:30:41.84	5	1	0	0	0	6	0.411	0.828125	0	0	0	0	0
242	2016-05-22 21:30:46.46	2016-05-22 21:30:46.48	5	1	0	1	0	0	0	0	0	0	0	0	0
242	2016-05-22 21:30:47.42	2016-05-22 21:30:47.81	5	1	0	1	0	0	0	0	0	0	0	0	0
243	2016-05-22 21:31:18.95	2016-05-22 21:31:26.25	5	1	0	0	0	15	1.337	2.234375	0	0	0	0	0
244	2016-05-22 21:31:38.65	2016-05-22 21:31:50.40	5	1	0	0	0	8	0.693	1.28125	0	0	0	0	0
244	2016-05-22 21:31:56.28	2016-05-22 21:31:56.60	5	1	0	1	0	0	0	0	0	0	0	0	0
245	2016-05-22 21:33:59.17	2016-05-22 21:34:17.09	5	1	0	0	0	12	1.311	2.25	0	0	0	0	0
246	2016-05-22 21:34:24.62	2016-05-22 21:34:43.87	5	1	0	0	0	10	0.622	1.328125	0	0	0	0	0
247	2016-05-22 21:34:49.32	2016-05-22 21:35:11.67	5	1	0	0	0	5	0.383	0.734375	0	0	0	0	0
248	2016-05-22 21:35:18.84	2016-05-22 21:35:33.29	5	1	0	0	0	9	0.93	1.53125	0	0	0	0	0
249	2016-05-22 21:35:40.12	2016-05-22 21:35:50.43	5	1	0	0	0	11	0.694	1.421875	0	0	0	0	0
249	2016-05-22 21:35:50.48	2016-05-22 21:36:02.09	5	1	0	1	0	0	0	0	0	0	0	0	0
250	2016-05-22 21:36:08.18	2016-05-22 21:36:26.09	5	1	0	0	0	9	0.649	1.234375	0	0	0	0	0
251	2016-05-22 21:36:33.37	2016-05-22 21:36:50.89	5	1	0	0	0	11	0.666	1.421875	0	0	0	0	0
252	2016-05-22 21:37:07.56	2016-05-22 21:37:22.43	5	1	0	0	0	9	0.551	1.125	0	0	0	0	0
253	2016-05-22 21:37:32.32	2016-05-22 21:37:55.68	5	1	0	0	0	5	0.355	0.734375	0	0	0	0	0
254	2016-05-22 21:38:10.32	2016-05-22 21:38:26.28	5	1	0	0	0	8	0.468	1.03125	0	0	0	0	0
255	2016-05-22 21:38:37.51	2016-05-22 21:38:54.03	5	1	0	0	0	11	0.649	1.34375	0	0	0	0	0
256	2016-05-22 21:39:04.84	2016-05-22 21:39:22.98	5	1	0	0	0	10	0.608	1.21875	0	0	0	0	0
257	2016-05-22 21:39:30.76	2016-05-22 21:39:53.79	5	1	0	0	0	5	0.311	0.625	0	0	0	0	0
257	2016-05-22 21:39:56.31	2016-05-22 21:39:56.32	5	1	0	1	0	0	0	0	0	0	0	0	0
258	2016-05-22 21:39:58.40	2016-05-22 21:40:05.12	5	1	0	0	0	9	0.61	1.265625	0	0	0	0	0
259	2016-05-22 21:41:37.71	2016-05-22 21:41:44.73	5	1	0	0	0	7	0.439	0.9375	0	0	0	0	0
260	2016-05-22 21:42:07.51	2016-05-22 21:42:17.60	5	1	0	0	0	7	0.495	0.96875	0	0	0	0	0
260	2016-05-22 21:42:22.25	2016-05-22 21:42:22.87	5	1	0	1	0	0	0	0	0	0	0	0	0
261	2016-05-22 21:45:24.53	2016-05-22 21:45:33.60	5	1	0	0	0	8	0.466	1.0625	0	0	0	0	0
262	2016-05-22 21:45:39.62	2016-05-22 21:45:50.34	5	1	0	0	0	6	0.41	0.796875	0	0	0	0	0
263	2016-05-22 21:45:55.03	2016-05-22 21:46:07.73	5	1	0	0	0	8	0.594	1.109375	0	0	0	0	0
264	2016-05-22 21:46:21.93	2016-05-22 21:46:30.48	5	1	0	0	0	6	0.453	0.859375	0	0	0	0	0
265	2016-05-22 21:46:34.34	2016-05-22 21:46:46.57	5	1	0	0	0	12	0.791	1.609375	0	0	0	0	0
266	2016-05-22 21:51:56.09	2016-05-22 21:52:01.31	5	1	0	0	0	5	0.369	0.78125	0	0	0	0	0
267	2016-05-22 21:52:19.78	2016-05-22 21:52:29.26	5	1	0	0	0	7	0.385	0.90625	0	0	0	0	0
268	2016-05-22 21:52:34.34	2016-05-22 21:52:35.09	5	1	0	1	0	0	0	0	0	0	0	0	0
269	2016-05-22 21:53:08.92	2016-05-22 21:53:18.57	5	1	0	0	0	9	0.805	1.46875	0	0	0	0	0
269	2016-05-22 21:53:25.90	2016-05-22 21:53:26.31	5	1	0	1	0	0	0	0	0	0	0	0	0
271	2016-05-22 21:54:25.31	2016-05-22 21:54:32.50	5	1	0	0	0	9	0.761	1.28125	0	0	0	0	0
272	2016-05-22 21:54:42.21	2016-05-22 21:54:42.35	5	1	0	1	0	0	0	0	0	0	0	0	0
273	2016-05-22 21:59:59.54	2016-05-22 21:59:59.76	5	1	0	1	0	0	0	0	0	0	0	0	0
273	2016-05-22 22:00:00.65	2016-05-22 22:00:01.45	5	1	0	1	0	0	0	0	0	0	0	0	0
274	2016-05-22 22:01:31.15	2016-05-22 22:01:42.87	5	1	0	0	0	13	0.887	1.59375	0	0	0	0	0
274	2016-05-22 22:01:55.96	2016-05-22 22:01:56.43	5	1	0	1	0	0	0	0	0	0	0	0	0
275	2016-05-22 22:02:03.68	2016-05-22 22:02:34.39	5	1	0	0	0	9	0.581	1.25	0	0	0	0	0
276	2016-05-22 22:02:36.84	2016-05-22 22:02:36.87	6	-1	1	0	0	0	0	0	0	0	0	0	0
276	2016-05-22 22:02:37.09	2016-05-22 22:02:37.51	6	-1	1	0	0	0	0	0	0	0	0	0	0
276	2016-05-22 22:02:37.54	2016-05-22 22:02:37.73	6	-1	1	0	0	0	0	0	0	0	0	0	0
276	2016-05-22 22:02:37.76	2016-05-22 22:02:37.93	6	-1	1	0	0	0	0	0	0	0	0	0	0
276	2016-05-22 22:02:38.04	2016-05-22 22:02:38.54	5	1	0	1	0	0	0	0	0	0	0	0	0
277	2016-05-22 22:03:01.10	2016-05-22 22:03:01.17	5	1	0	1	0	0	0	0	0	0	0	0	0
278	2016-05-22 22:03:06.85	2016-05-22 22:03:37.01	5	1	0	0	0	6	0.44	0.890625	0	0	0	0	0
278	2016-05-22 22:03:43.84	2016-05-22 22:03:44.03	5	1	0	1	0	0	0	0	0	0	0	0	0
279	2016-05-22 22:03:48.35	2016-05-22 22:03:57.67	5	1	0	0	0	8	0.759	1.21875	0	0	0	0	0
280	2016-05-22 22:05:38.90	2016-05-22 22:05:58.67	5	1	0	0	0	9	0.648	1.203125	0	0	0	0	0
281	2016-05-22 22:06:24.28	2016-05-22 22:06:54.18	5	1	0	0	0	12	0.89	1.671875	0	0	0	0	0
282	2016-05-22 22:07:08.34	2016-05-22 22:07:38.93	5	1	0	0	0	7	0.466	0.9375	0	0	0	0	0
283	2016-05-22 22:07:42.43	2016-05-22 22:08:07.35	5	1	0	0	0	5	0.326	0.671875	0	0	0	0	0
284	2016-05-22 22:08:12.68	2016-05-22 22:08:37.96	5	1	0	0	0	7	0.478	0.9375	0	0	0	0	0
285	2016-05-22 22:09:12.15	2016-05-22 22:09:15.79	5	1	0	0	0	7	0.579	1.03125	0	0	0	0	0
286	2016-05-22 22:09:20.62	2016-05-22 22:09:29.12	5	1	0	0	0	15	1.173	2.078125	0	0	0	0	0
287	2016-05-22 22:09:36.00	2016-05-22 22:09:44.28	5	1	0	0	0	18	1.227	2.3125	0	0	0	0	0
288	2016-05-22 22:09:49.29	2016-05-22 22:09:55.60	5	1	0	0	0	16	1.073	1.5625	0	0	0	0	0
289	2016-05-22 22:10:00.71	2016-05-22 22:10:07.45	5	1	0	0	0	13	0.902	1.671875	0	0	0	0	0
290	2016-05-22 22:10:12.62	2016-05-22 22:10:20.25	5	1	0	0	0	12	0.778	1.59375	0	0	0	0	0
291	2016-05-22 22:10:26.31	2016-05-22 22:10:26.40	5	1	0	1	0	0	0	0	0	0	0	0	0
291	2016-05-22 22:10:27.07	2016-05-22 22:10:27.23	5	1	0	1	0	0	0	0	0	0	0	0	0
292	2016-05-22 22:10:32.51	2016-05-22 22:10:49.81	5	1	0	0	0	11	0.664	1.328125	0	0	0	0	0
293	2016-05-22 22:11:08.34	2016-05-22 22:11:23.56	5	1	0	0	0	14	1.121	1.96875	0	0	0	0	0
294	2016-05-22 22:11:27.90	2016-05-22 22:11:37.40	5	1	0	0	0	8	0.481	1.015625	0	0	0	0	0
295	2016-05-22 22:11:45.76	2016-05-22 22:11:46.10	5	1	0	1	0	0	0	0	0	0	0	0	0
296	2016-05-22 22:11:51.73	2016-05-22 22:12:01.35	5	1	0	0	0	5	0.256	0.578125	0	0	0	0	0
297	2016-05-22 22:12:08.09	2016-05-22 22:12:15.17	5	1	0	0	0	10	0.821	1.59375	0	0	0	0	0
298	2016-05-22 22:12:20.60	2016-05-22 22:12:37.37	5	1	0	0	0	12	0.707	1.46875	0	0	0	0	0
299	2016-05-22 22:12:43.42	2016-05-22 22:12:50.64	5	1	0	0	0	10	0.678	1.28125	0	0	0	0	0
300	2016-05-22 22:12:55.34	2016-05-22 22:13:04.32	5	1	0	0	0	11	0.651	1.421875	0	0	0	0	0
301	2016-05-22 22:13:49.34	2016-05-22 22:13:54.79	5	1	0	0	0	14	0.843	1.796875	0	0	0	0	0
302	2016-05-22 22:13:58.62	2016-05-22 22:14:05.60	5	1	0	0	0	15	0.957	1.828125	0	0	0	0	0
303	2016-05-22 22:14:11.40	2016-05-22 22:14:19.81	5	1	0	0	0	8	0.376	1	0	0	0	0	0
304	2016-05-22 22:14:26.25	2016-05-22 22:14:42.28	5	1	0	0	0	12	0.692	1.453125	0	0	0	0	0
305	2016-05-22 22:14:50.03	2016-05-22 22:14:55.04	5	1	0	0	0	9	0.511	1.140625	0	0	0	0	0
306	2016-05-22 22:15:01.07	2016-05-22 22:15:18.04	5	1	0	0	0	11	0.636	1.359375	0	0	0	0	0
307	2016-05-22 22:15:35.25	2016-05-22 22:15:51.21	5	1	0	0	0	11	0.51	1.265625	0	0	0	0	0
307	2016-05-22 22:15:57.87	2016-05-22 22:15:58.00	5	1	0	1	0	0	0	0	0	0	0	0	0
308	2016-05-22 22:16:08.76	2016-05-22 22:16:25.06	5	1	0	0	0	9	0.593	1.171875	0	0	0	0	0
309	2016-05-22 22:16:55.07	2016-05-22 22:17:05.15	5	1	0	0	0	11	0.663	1.359375	0	0	0	0	0
310	2016-05-22 22:17:14.28	2016-05-22 22:17:34.70	5	1	0	0	0	13	0.789	1.5625	0	0	0	0	0
311	2016-05-22 22:17:41.84	2016-05-22 22:18:02.75	5	1	0	0	0	10	0.69	1.234375	0	0	0	0	0
312	2016-05-22 22:18:11.50	2016-05-22 22:18:24.65	5	1	0	0	0	7	0.382	0.8125	0	0	0	0	0
313	2016-05-22 22:18:41.23	2016-05-22 22:18:58.00	5	1	0	0	0	16	0.861	1.796875	0	0	0	0	0
314	2016-05-22 22:19:08.28	2016-05-22 22:19:24.90	5	1	0	0	0	11	0.65	1.34375	0	0	0	0	0
315	2016-05-22 22:19:32.73	2016-05-22 22:19:49.76	5	1	0	0	0	12	0.748	1.484375	0	0	0	0	0
316	2016-05-22 22:20:20.68	2016-05-22 22:20:36.73	5	1	0	0	0	9	0.484	1.171875	0	0	0	0	0
317	2016-05-22 22:21:05.15	2016-05-22 22:21:22.78	5	1	0	0	0	7	0.453	0.984375	0	0	0	0	0
318	2016-05-22 22:21:40.96	2016-05-22 22:22:01.25	5	1	0	0	0	14	1.115	2.15625	0	0	0	0	0
319	2016-05-22 22:22:18.70	2016-05-22 22:22:39.65	5	1	0	0	0	10	0.649	1.234375	0	0	0	0	0
320	2016-05-22 22:22:45.21	2016-05-22 22:23:00.51	5	1	0	0	0	14	0.805	1.59375	0	0	0	0	0
321	2016-05-22 22:23:08.32	2016-05-22 22:23:29.07	5	1	0	0	0	4	0.242	0.59375	0	0	0	0	0
322	2016-05-22 22:23:36.70	2016-05-22 22:23:52.48	5	1	0	0	0	7	0.451	0.921875	0	0	0	0	0
323	2016-05-22 22:23:57.87	2016-05-22 22:24:20.78	5	1	0	0	0	12	0.68	1.40625	0	0	0	0	0
324	2016-05-22 22:24:27.54	2016-05-22 22:24:45.20	5	1	0	0	0	12	0.795	1.75	0	0	0	0	0
324	2016-05-22 22:24:51.48	2016-05-22 22:24:52.12	5	1	0	1	0	0	0	0	0	0	0	0	0
325	2016-05-22 22:24:58.70	2016-05-22 22:25:11.78	5	1	0	0	0	8	0.592	1.078125	0	0	0	0	0
326	2016-05-22 22:25:19.56	2016-05-22 22:25:37.32	5	1	0	0	0	13	0.835	1.71875	0	0	0	0	0
327	2016-05-22 22:25:44.15	2016-05-22 22:26:02.57	5	1	0	0	0	14	0.681	1.65625	0	0	0	0	0
328	2016-05-22 22:27:30.84	2016-05-22 22:27:44.90	5	1	0	0	0	8	0.496	1.03125	0	0	0	0	0
329	2016-05-22 22:30:49.68	2016-05-22 22:30:50.14	5	1	0	1	0	0	0	0	0	0	0	0	0
330	2016-05-22 22:31:18.64	2016-05-22 22:31:24.32	5	1	0	0	0	8	2.134	2.71875	0	0	0	0	0
331	2016-05-22 22:38:21.57	2016-05-22 22:39:01.75	5	1	0	0	0	12	0.792	1.5625	0	0	0	0	0
332	2016-05-22 22:39:10.87	2016-05-22 22:39:17.39	5	1	0	0	0	13	1.167	1.90625	0	0	0	0	0
333	2016-05-22 22:39:22.46	2016-05-22 22:39:29.35	5	1	0	0	0	8	0.72	1.234375	0	0	0	0	0
334	2016-05-22 22:39:35.65	2016-05-22 22:39:44.25	5	1	0	0	0	13	0.859	1.625	0	0	0	0	0
335	2016-05-22 22:40:22.71	2016-05-22 22:40:29.75	5	1	0	0	0	11	0.651	1.359375	0	0	0	0	0
336	2016-05-22 22:40:36.62	2016-05-22 22:40:45.67	5	1	0	0	0	10	0.665	1.328125	0	0	0	0	0
337	2016-05-22 22:40:52.73	2016-05-22 22:41:02.73	5	1	0	0	0	8	0.776	1.296875	0	0	0	0	0
338	2016-05-22 22:41:09.04	2016-05-22 22:41:09.59	5	1	0	1	0	0	0	0	0	0	0	0	0
338	2016-05-22 22:41:09.59	2016-05-22 22:41:09.62	5	1	0	1	0	0	0	0	0	0	0	0	0
339	2016-05-22 22:41:16.64	2016-05-22 22:41:30.25	5	1	0	0	0	9	0.595	1.1875	0	0	0	0	0
340	2016-05-22 22:41:35.82	2016-05-22 22:41:45.21	5	1	0	0	0	11	0.665	1.390625	0	0	0	0	0
341	2016-05-22 22:41:57.56	2016-05-22 22:42:10.34	5	1	0	0	0	11	0.717	1.453125	0	0	0	0	0
342	2016-05-22 22:42:15.81	2016-05-22 22:42:26.96	5	1	0	0	0	7	0.845	1.375	0	0	0	0	0
343	2016-05-22 22:42:32.81	2016-05-22 22:42:39.85	5	1	0	0	0	10	0.635	1.25	0	0	0	0	0
343	2016-05-22 22:42:39.89	2016-05-22 22:42:45.26	5	1	0	1	0	0	0	0	0	0	0	0	0
344	2016-05-22 22:43:02.00	2016-05-22 22:43:02.03	5	1	0	0	0	0	0	0	0	0	0	0	0
344	2016-05-22 22:43:02.09	2016-05-22 22:43:13.62	5	1	0	0	0	9	0.933	1.578125	0	0	0	0	0
345	2016-05-22 22:43:19.29	2016-05-22 22:43:31.34	5	1	0	0	0	6	1.082	1.46875	0	0	0	0	0
346	2016-05-22 22:43:39.09	2016-05-22 22:43:51.01	5	1	0	0	0	8	0.523	1.015625	0	0	0	0	0
347	2016-05-22 22:43:59.10	2016-05-22 22:44:08.65	5	1	0	0	0	9	1.699	2.375	0	0	0	0	0
348	2016-05-22 22:44:15.29	2016-05-22 22:44:27.43	5	1	0	0	0	6	1.405	1.765625	0	0	0	0	0
348	2016-05-22 22:44:27.51	2016-05-22 22:44:28.12	5	1	0	1	0	0	0	0	0	0	0	0	0
348	2016-05-22 22:44:28.18	2016-05-22 22:44:28.31	5	1	0	1	0	0	0	0	0	0	0	0	0
348	2016-05-22 22:44:28.43	2016-05-22 22:44:35.96	5	1	0	1	0	0	0	0	0	0	0	0	0
349	2016-05-22 22:45:09.68	2016-05-22 22:45:18.43	5	1	0	0	0	10	0.538	1.1875	0	0	0	0	0
350	2016-05-22 22:45:31.59	2016-05-22 22:45:43.93	5	1	0	0	0	14	0.931	1.78125	0	0	0	0	0
351	2016-05-22 22:45:58.17	2016-05-22 22:46:05.43	5	1	0	0	0	7	0.41	0.828125	0	0	0	0	0
352	2016-05-22 22:46:11.29	2016-05-22 22:46:20.29	5	1	0	0	0	8	0.452	0.96875	0	0	0	0	0
352	2016-05-22 22:46:20.31	2016-05-22 22:46:20.32	5	1	0	1	0	0	0	0	0	0	0	0	0
353	2016-05-22 22:46:34.79	2016-05-22 22:46:43.48	5	1	0	0	0	7	0.551	1.09375	0	0	0	0	0
354	2016-05-22 22:46:47.53	2016-05-22 22:46:47.59	5	1	0	1	0	0	0	0	0	0	0	0	0
354	2016-05-22 22:46:54.46	2016-05-22 22:46:54.50	6	-1	1	1	0	0	0	0	0	0	0	0	0
355	2016-05-22 22:48:19.39	2016-05-22 22:48:27.82	5	1	0	0	0	8	0.524	1.015625	0	0	0	0	0
356	2016-05-22 22:48:47.20	2016-05-22 22:48:54.90	5	1	0	0	0	11	0.736	1.46875	0	0	0	0	0
357	2016-05-22 22:50:04.37	2016-05-22 22:50:09.23	5	1	0	0	0	3	0.101	0.3125	0	0	0	0	0
358	2016-05-22 22:50:17.12	2016-05-22 22:50:30.90	5	1	0	0	0	7	0.397	0.890625	0	0	0	0	0
359	2016-05-22 22:51:25.79	2016-05-22 22:51:32.64	5	1	0	0	0	9	0.594	1.25	0	0	0	0	0
359	2016-05-22 22:51:41.37	2016-05-22 22:51:41.68	5	1	0	1	0	0	0	0	0	0	0	0	0
360	2016-05-22 22:51:48.76	2016-05-22 22:51:57.93	5	1	0	0	0	10	0.554	1.3125	0	0	0	0	0
361	2016-05-22 22:52:13.01	2016-05-22 22:52:21.53	5	1	0	0	0	11	0.71	1.59375	0	0	0	0	0
362	2016-05-22 22:52:26.50	2016-05-22 22:52:34.60	5	1	0	0	0	6	0.342	0.84375	0	0	0	0	0
363	2016-05-22 22:52:40.21	2016-05-22 22:52:40.96	5	1	0	1	0	0	0	0	0	0	0	0	0
364	2016-05-22 22:53:26.71	2016-05-22 22:53:35.06	5	1	0	0	0	19	1.148	2.28125	0	0	0	0	0
364	2016-05-22 22:53:40.92	2016-05-22 22:53:41.09	5	1	0	1	0	0	0	0	0	0	0	0	0
365	2016-05-22 22:53:46.89	2016-05-22 22:53:59.31	5	1	0	0	0	13	0.849	1.640625	0	0	0	0	0
366	2016-05-22 22:54:12.92	2016-05-22 22:54:28.93	5	1	0	0	0	15	1.031	2.046875	0	0	0	0	0
367	2016-05-22 22:54:57.78	2016-05-22 22:55:04.56	5	1	0	0	0	6	0.356	0.8125	0	0	0	0	0
368	2016-05-22 22:56:07.62	2016-05-22 22:56:15.23	5	1	0	0	0	9	0.583	1.25	0	0	0	0	0
368	2016-05-22 22:56:24.53	2016-05-22 22:56:24.93	5	1	0	1	0	0	0	0	0	0	0	0	0
369	2016-05-22 22:57:33.28	2016-05-22 22:57:41.65	5	1	0	0	0	13	0.833	1.609375	0	0	0	0	0
370	2016-05-22 22:57:56.40	2016-05-22 22:58:07.54	5	1	0	0	0	13	0.846	1.625	0	0	0	0	0
371	2016-05-22 22:58:15.84	2016-05-22 22:58:25.78	5	1	0	0	0	12	0.61	1.359375	0	0	0	0	0
372	2016-05-22 22:58:40.48	2016-05-22 22:58:52.40	5	1	0	0	0	6	0.439	0.875	0	0	0	0	0
373	2016-05-22 22:58:59.29	2016-05-22 22:59:11.76	5	1	0	0	0	6	0.412	0.90625	0	0	0	0	0
374	2016-05-22 22:59:57.09	2016-05-22 23:00:06.89	5	1	0	0	0	15	1.017	1.96875	0	0	0	0	0
374	2016-05-22 23:00:15.60	2016-05-22 23:00:15.89	5	1	0	1	0	0	0	0	0	0	0	0	0
375	2016-05-22 23:00:24.48	2016-05-22 23:00:33.76	5	1	0	0	0	13	0.86	1.6875	0	0	0	0	0
376	2016-05-22 23:00:38.31	2016-05-22 23:00:45.39	5	1	0	0	0	15	1.028	1.90625	0	0	0	0	0
377	2016-05-22 23:00:53.18	2016-05-22 23:01:04.75	5	1	0	0	0	12	0.804	1.59375	0	0	0	0	0
378	2016-05-22 23:01:10.06	2016-05-22 23:01:10.96	5	1	0	1	0	0	0	0	0	0	0	0	0
379	2016-05-22 23:01:18.00	2016-05-22 23:01:30.37	5	1	0	0	0	19	1.257	2.4375	0	0	0	0	0
380	2016-05-22 23:01:36.57	2016-05-22 23:01:36.79	5	1	0	1	0	0	0	0	0	0	0	0	0
380	2016-05-22 23:01:45.00	2016-05-22 23:01:45.25	5	1	0	1	0	0	0	0	0	0	0	0	0
381	2016-05-22 23:01:52.64	2016-05-22 23:02:07.70	5	1	0	0	0	14	0.793	1.671875	0	0	0	0	0
382	2016-05-22 23:02:12.73	2016-05-22 23:02:17.95	5	1	0	0	0	7	0.371	0.921875	0	0	0	0	0
383	2016-05-22 23:02:23.59	2016-05-22 23:02:31.29	5	1	0	0	0	11	0.718	1.390625	0	0	0	0	0
384	2016-05-22 23:02:38.85	2016-05-22 23:02:45.01	5	1	0	0	0	12	0.711	1.640625	0	0	0	0	0
385	2016-05-22 23:02:50.95	2016-05-22 23:02:57.57	5	1	0	0	0	16	1.015	1.953125	0	0	0	0	0
386	2016-05-22 23:03:07.07	2016-05-22 23:03:17.20	5	1	0	0	0	9	0.579	1.1875	0	0	0	0	0
387	2016-05-22 23:03:23.42	2016-05-22 23:03:23.85	5	1	0	1	0	0	0	0	0	0	0	0	0
387	2016-05-22 23:03:27.18	2016-05-22 23:03:28.26	6	-1	1	1	0	0	0	0	0	0	0	0	0
387	2016-05-22 23:03:27.90	2016-05-22 23:03:46.64	5	1	0	1	0	0	0	0	0	0	0	0	0
388	2016-05-22 23:03:53.84	2016-05-22 23:04:01.76	5	1	0	0	0	13	0.736	1.546875	0	0	0	0	0
389	2016-05-22 23:04:09.01	2016-05-22 23:04:19.32	5	1	0	0	0	13	0.875	1.640625	0	0	0	0	0
390	2016-05-22 23:04:35.51	2016-05-22 23:04:46.62	5	1	0	0	0	12	0.734	1.421875	0	0	0	0	0
391	2016-05-22 23:05:17.39	2016-05-22 23:05:23.78	5	1	0	0	0	8	1.845	2.40625	0	0	0	0	0
392	2016-05-22 23:05:31.04	2016-05-22 23:05:40.03	5	1	0	0	0	11	0.496	1.203125	0	0	0	0	0
393	2016-05-22 23:05:48.15	2016-05-22 23:05:56.20	5	1	0	0	0	9	0.579	1.15625	0	0	0	0	0
394	2016-05-22 23:06:02.45	2016-05-22 23:06:09.57	5	1	0	0	0	10	0.723	1.484375	0	0	0	0	0
395	2016-05-22 23:07:13.09	2016-05-22 23:07:21.60	5	1	0	0	0	11	0.79	1.46875	0	0	0	0	0
395	2016-05-22 23:07:38.10	2016-05-22 23:07:38.50	5	1	0	1	0	0	0	0	0	0	0	0	0
396	2016-05-22 23:07:44.37	2016-05-22 23:07:53.31	5	1	0	0	0	10	0.737	1.40625	0	0	0	0	0
397	2016-05-22 23:08:15.98	2016-05-22 23:08:35.84	5	1	0	0	0	12	0.815	1.484375	0	0	0	0	0
399	2016-05-22 23:08:54.25	2016-05-22 23:09:02.95	5	1	0	0	0	14	0.888	1.75	0	0	0	0	0
400	2016-05-22 23:09:07.81	2016-05-22 23:09:15.76	5	1	0	0	0	12	0.777	1.484375	0	0	0	0	0
401	2016-05-22 23:09:22.14	2016-05-22 23:09:31.18	5	1	0	0	0	14	0.947	1.859375	0	0	0	0	0
402	2016-05-22 23:09:38.07	2016-05-22 23:09:48.84	5	1	0	0	0	12	0.778	1.5	0	0	0	0	0
403	2016-05-22 23:09:56.31	2016-05-22 23:10:05.76	5	1	0	0	0	15	1.02	2.140625	0	0	0	0	0
404	2016-05-22 23:10:11.26	2016-05-22 23:10:21.54	5	1	0	0	0	14	0.901	1.65625	0	0	0	0	0
405	2016-05-22 23:10:27.62	2016-05-22 23:10:38.43	5	1	0	0	0	12	0.763	1.53125	0	0	0	0	0
406	2016-05-22 23:10:45.20	2016-05-22 23:10:57.43	5	1	0	0	0	15	1.185	2.109375	0	0	0	0	0
407	2016-05-22 23:11:05.90	2016-05-22 23:11:13.68	5	1	0	0	0	13	0.848	1.734375	0	0	0	0	0
408	2016-05-22 23:11:18.85	2016-05-22 23:11:27.64	5	1	0	0	0	12	1.012	1.78125	0	0	0	0	0
409	2016-05-22 23:11:35.21	2016-05-22 23:12:03.23	5	1	0	0	0	12	0.788	1.46875	0	0	0	0	0
410	2016-05-22 23:12:32.09	2016-05-22 23:12:32.34	5	1	0	1	0	0	0	0	0	0	0	0	0
410	2016-05-22 23:12:38.42	2016-05-22 23:12:38.48	5	1	0	1	0	0	0	0	0	0	0	0	0
410	2016-05-22 23:12:38.82	2016-05-22 23:12:38.87	5	1	0	1	0	0	0	0	0	0	0	0	0
410	2016-05-22 23:12:38.51	2016-05-22 23:12:39.29	6	-1	1	1	0	0	0	0	0	0	0	0	0
410	2016-05-22 23:12:38.90	2016-05-22 23:12:40.14	5	1	0	1	0	0	0	0	0	0	0	0	0
410	2016-05-22 23:12:51.68	2016-05-22 23:12:53.35	5	1	0	1	0	0	0	0	0	0	0	0	0
411	2016-05-22 23:12:57.71	2016-05-22 23:13:11.37	5	1	0	0	0	8	0.497	1.078125	0	0	0	0	0
412	2016-05-22 23:13:17.37	2016-05-22 23:13:23.20	5	1	0	0	0	9	0.567	1.203125	0	0	0	0	0
413	2016-05-22 23:13:32.54	2016-05-22 23:13:56.20	5	1	0	0	0	8	0.551	1.078125	0	0	0	0	0
413	2016-05-22 23:13:58.03	2016-05-22 23:13:58.54	6	-1	1	0	0	0	0	0	0	0	0	0	0
413	2016-05-22 23:13:58.62	2016-05-22 23:13:58.90	6	-1	1	0	0	0	0	0	0	0	0	0	0
413	2016-05-22 23:13:58.93	2016-05-22 23:13:59.43	6	-1	1	1	0	0	0	0	0	0	0	0	0
413	2016-05-22 23:13:59.25	2016-05-22 23:14:00.53	5	1	0	1	0	0	0	0	0	0	0	0	0
413	2016-05-22 23:14:09.42	2016-05-22 23:14:09.54	5	1	0	1	0	0	0	0	0	0	0	0	0
413	2016-05-22 23:14:09.70	2016-05-22 23:14:09.78	5	1	0	1	0	0	0	0	0	0	0	0	0
414	2016-05-22 23:14:16.51	2016-05-22 23:14:23.92	5	1	0	0	0	9	0.622	1.234375	0	0	0	0	0
414	2016-05-22 23:14:30.00	2016-05-22 23:14:30.28	5	1	0	1	0	0	0	0	0	0	0	0	0
414	2016-05-22 23:15:03.31	2016-05-22 23:15:03.87	5	1	0	1	0	0	0	0	0	0	0	0	0
415	2016-05-22 23:15:10.18	2016-05-22 23:15:21.37	5	1	0	0	0	8	0.635	1.21875	0	0	0	0	0
415	2016-05-22 23:15:28.43	2016-05-22 23:15:28.68	5	1	0	1	0	0	0	0	0	0	0	0	0
416	2016-05-22 23:15:39.07	2016-05-22 23:15:49.65	5	1	0	0	0	14	1.004	1.875	0	0	0	0	0
416	2016-05-22 23:15:55.18	2016-05-22 23:15:55.35	5	1	0	1	0	0	0	0	0	0	0	0	0
417	2016-05-22 23:16:17.71	2016-05-22 23:16:29.79	5	1	0	0	0	7	0.496	0.953125	0	0	0	0	0
418	2016-05-22 23:16:45.62	2016-05-22 23:16:56.06	5	1	0	0	0	9	0.594	1.1875	0	0	0	0	0
418	2016-05-22 23:17:03.43	2016-05-22 23:17:03.59	5	1	0	1	0	0	0	0	0	0	0	0	0
419	2016-05-22 23:17:08.18	2016-05-22 23:17:08.26	5	1	0	1	0	0	0	0	0	0	0	0	0
419	2016-05-22 23:17:09.15	2016-05-22 23:17:09.56	5	1	0	1	0	0	0	0	0	0	0	0	0
420	2016-05-22 23:18:28.67	2016-05-22 23:18:37.54	5	1	0	0	0	12	1.142	1.96875	0	0	0	0	0
421	2016-05-22 23:18:47.73	2016-05-22 23:18:55.01	5	1	0	0	0	9	0.61	1.28125	0	0	0	0	0
422	2016-05-22 23:19:01.20	2016-05-22 23:19:01.78	5	1	0	1	0	0	0	0	0	0	0	0	0
423	2016-05-22 23:19:12.01	2016-05-22 23:19:31.75	5	1	0	0	0	5	0.943	1.328125	0	0	0	0	0
424	2016-05-22 23:19:48.10	2016-05-22 23:20:03.85	5	1	0	0	0	5	0.284	0.609375	0	0	0	0	0
425	2016-05-22 23:20:21.98	2016-05-22 23:20:31.81	5	1	0	0	0	14	0.931	1.765625	0	0	0	0	0
426	2016-05-22 23:20:38.76	2016-05-22 23:20:51.46	5	1	0	0	0	15	0.909	1.9375	0	0	0	0	0
427	2016-05-22 23:20:56.40	2016-05-22 23:21:10.12	5	1	0	0	0	6	0.382	0.765625	0	0	0	0	0
427	2016-05-22 23:21:18.54	2016-05-22 23:21:18.59	5	1	0	1	0	0	0	0	0	0	0	0	0
427	2016-05-22 23:21:21.29	2016-05-22 23:21:21.59	5	1	0	1	0	0	0	0	0	0	0	0	0
428	2016-05-22 23:21:29.03	2016-05-22 23:21:34.31	5	1	0	0	0	6	0.326	0.65625	0	0	0	0	0
429	2016-05-22 23:21:39.34	2016-05-22 23:21:51.43	5	1	0	0	0	10	0.398	1.046875	0	0	0	0	0
430	2016-05-22 23:22:09.09	2016-05-22 23:22:19.53	5	1	0	0	0	17	1.108	2.078125	0	0	0	0	0
431	2016-05-22 23:22:24.10	2016-05-22 23:22:32.07	5	1	0	0	0	15	0.903	1.8125	0	0	0	0	0
432	2016-05-22 23:22:41.59	2016-05-22 23:22:53.00	5	1	0	0	0	5	0.326	0.6875	0	0	0	0	0
433	2016-05-22 23:23:30.62	2016-05-22 23:23:39.79	5	1	0	0	0	4	0.241	0.484375	0	0	0	0	0
433	2016-05-22 23:23:42.34	2016-05-22 23:23:46.04	6	-1	1	0	0	0	0	0	0	0	0	0	0
433	2016-05-22 23:23:46.31	2016-05-22 23:23:47.56	6	-1	1	0	0	0	0	0	0	0	0	0	0
433	2016-05-22 23:23:47.78	2016-05-22 23:23:48.20	6	-1	1	0	0	0	0	0	0	0	0	0	0
433	2016-05-22 23:23:50.31	2016-05-22 23:23:50.89	5	1	0	1	0	0	0	0	0	0	0	0	0
433	2016-05-22 23:23:51.01	2016-05-22 23:23:51.96	6	-1	1	1	0	0	0	0	0	0	0	0	0
434	2016-05-22 23:24:05.56	2016-05-22 23:24:11.82	5	1	0	0	0	16	0.931	1.84375	0	0	0	0	0
435	2016-05-22 23:24:18.59	2016-05-22 23:24:24.73	5	1	0	0	0	7	0.384	0.859375	0	0	0	0	0
437	2016-05-22 23:24:53.73	2016-05-22 23:25:01.87	5	1	0	0	0	16	0.918	1.8125	0	0	0	0	0
438	2016-05-22 23:25:09.81	2016-05-22 23:25:18.20	5	1	0	0	0	12	0.874	1.640625	0	0	0	0	0
439	2016-05-22 23:25:24.34	2016-05-22 23:25:36.57	5	1	0	0	0	13	0.707	1.546875	0	0	0	0	0
440	2016-05-22 23:25:48.10	2016-05-22 23:25:57.01	5	1	0	0	0	11	0.692	1.40625	0	0	0	0	0
441	2016-05-22 23:26:04.89	2016-05-22 23:26:11.90	5	1	0	0	0	13	1.017	1.921875	0	0	0	0	0
442	2016-05-22 23:26:28.12	2016-05-22 23:26:34.25	5	1	0	0	0	17	1.241	2.34375	0	0	0	0	0
443	2016-05-22 23:26:38.95	2016-05-22 23:26:48.76	5	1	0	0	0	10	0.622	1.28125	0	0	0	0	0
444	2016-05-22 23:26:57.21	2016-05-22 23:27:01.75	5	1	0	0	0	16	1.059	2.078125	0	0	0	0	0
445	2016-05-22 23:27:11.82	2016-05-22 23:27:14.62	5	1	0	1	0	0	0	0	0	0	0	0	0
446	2016-05-22 23:27:23.01	2016-05-22 23:27:35.12	5	1	0	0	0	13	0.819	1.578125	0	0	0	0	0
447	2016-05-22 23:27:41.71	2016-05-22 23:27:48.12	5	1	0	0	0	12	0.694	1.484375	0	0	0	0	0
448	2016-05-22 23:27:57.96	2016-05-22 23:28:11.01	5	1	0	0	0	4	0.242	0.5625	0	0	0	0	0
449	2016-05-22 23:28:14.92	2016-05-22 23:28:21.59	5	1	0	0	0	15	0.835	1.859375	0	0	0	0	0
449	2016-05-22 23:28:21.75	2016-05-22 23:28:22.18	5	1	0	1	0	0	0	0	0	0	0	0	0
450	2016-05-22 23:28:27.10	2016-05-22 23:28:27.73	5	1	0	1	0	0	0	0	0	0	0	0	0
451	2016-05-22 23:28:53.64	2016-05-22 23:29:00.60	5	1	0	0	0	10	0.611	1.390625	0	0	0	0	0
452	2016-05-22 23:29:07.45	2016-05-22 23:29:25.45	5	1	0	0	0	13	0.889	1.640625	0	0	0	0	0
453	2016-05-22 23:29:31.01	2016-05-22 23:29:48.75	5	1	0	0	0	9	0.636	1.25	0	0	0	0	0
454	2016-05-22 23:30:00.68	2016-05-22 23:30:19.57	5	1	0	0	0	13	0.764	1.640625	0	0	0	0	0
455	2016-05-22 23:30:32.51	2016-05-22 23:30:51.42	5	1	0	0	0	12	0.694	1.546875	0	0	0	0	0
455	2016-05-22 23:31:00.04	2016-05-22 23:31:00.17	6	-1	1	0	0	0	0	0	0	0	0	0	0
455	2016-05-22 23:31:00.45	2016-05-22 23:31:00.48	6	-1	1	0	0	0	0	0	0	0	0	0	0
455	2016-05-22 23:31:00.68	2016-05-22 23:31:00.75	6	-1	1	0	0	0	0	0	0	0	0	0	0
455	2016-05-22 23:31:01.01	2016-05-22 23:31:01.04	6	-1	1	0	0	0	0	0	0	0	0	0	0
455	2016-05-22 23:31:03.79	2016-05-22 23:31:04.42	5	1	0	1	0	0	0	0	0	0	0	0	0
456	2016-05-22 23:31:08.93	2016-05-22 23:31:24.45	5	1	0	0	0	9	0.581	1.171875	0	0	0	0	0
457	2016-05-22 23:32:30.56	2016-05-22 23:32:31.14	5	1	0	1	0	0	0	0	0	0	0	0	0
457	2016-05-22 23:32:32.68	2016-05-22 23:32:33.37	5	1	0	1	0	0	0	0	0	0	0	0	0
458	2016-05-22 23:32:39.76	2016-05-22 23:32:47.96	5	1	0	0	0	10	0.665	1.3125	0	0	0	0	0
458	2016-05-22 23:32:53.28	2016-05-22 23:32:53.85	6	-1	1	0	0	0	0	0	0	0	0	0	0
458	2016-05-22 23:33:25.46	2016-05-22 23:33:27.10	6	-1	1	0	0	0	0	0	0	0	0	0	0
458	2016-05-22 23:33:27.20	2016-05-22 23:33:27.87	6	-1	1	0	0	0	0	0	0	0	0	0	0
459	2016-05-22 23:37:25.28	2016-05-22 23:37:39.59	5	1	0	0	0	12	0.763	1.53125	0	0	0	0	0
460	2016-05-22 23:38:52.03	2016-05-22 23:38:59.00	5	1	0	0	0	14	0.751	1.625	0	0	0	0	0
461	2016-05-22 23:39:08.20	2016-05-22 23:39:14.43	5	1	0	0	0	7	0.481	0.9375	0	0	0	0	0
462	2016-05-22 23:39:38.64	2016-05-22 23:39:46.46	5	1	0	0	0	20	1.047	2.203125	0	0	0	0	0
463	2016-05-22 23:39:52.15	2016-05-22 23:40:01.00	5	1	0	0	0	21	0.695	1.90625	0	0	0	0	0
464	2016-05-22 23:40:06.34	2016-05-22 23:40:17.45	5	1	0	0	0	16	0.82	1.765625	0	0	0	0	0
465	2016-05-22 23:40:43.12	2016-05-22 23:40:51.79	5	1	0	0	0	11	0.581	1.234375	0	0	0	0	0
466	2016-05-22 23:41:04.51	2016-05-22 23:41:11.31	5	1	0	0	0	8	0.298	0.78125	0	0	0	0	0
467	2016-05-22 23:41:20.29	2016-05-22 23:41:29.70	5	1	0	0	0	10	0.54	1.265625	0	0	0	0	0
468	2016-05-22 23:41:53.65	2016-05-22 23:42:00.60	5	1	0	0	0	10	0.442	1.171875	0	0	0	0	0
469	2016-05-22 23:42:06.28	2016-05-22 23:42:06.48	5	1	0	1	0	0	0	0	0	0	0	0	0
469	2016-05-22 23:42:06.56	2016-05-22 23:42:06.68	5	1	0	1	0	0	0	0	0	0	0	0	0
469	2016-05-22 23:42:07.35	2016-05-22 23:42:07.75	5	1	0	1	0	0	0	0	0	0	0	0	0
470	2016-05-22 23:45:59.03	2016-05-22 23:46:12.56	5	1	0	0	0	15	0.891	1.875	0	0	0	0	0
471	2016-05-22 23:46:28.76	2016-05-22 23:46:36.28	5	1	0	0	0	15	0.47	1.34375	0	0	0	0	0
472	2016-05-22 23:46:41.21	2016-05-22 23:46:41.57	5	1	0	1	0	0	0	0	0	0	0	0	0
472	2016-05-22 23:46:44.84	2016-05-22 23:46:44.96	6	-1	1	1	0	0	0	0	0	0	0	0	0
472	2016-05-22 23:46:45.14	2016-05-22 23:46:45.35	6	-1	1	1	0	0	0	0	0	0	0	0	0
473	2016-05-22 23:47:47.37	2016-05-22 23:47:53.43	5	1	0	0	0	8	0.316	0.875	0	0	0	0	0
473	2016-05-22 23:47:53.75	2016-05-22 23:47:53.81	5	1	0	1	0	0	0	0	0	0	0	0	0
475	2016-05-22 23:48:13.56	2016-05-22 23:48:23.34	5	1	0	0	0	14	0.623	1.375	0	0	0	0	0
476	2016-05-22 23:48:38.96	2016-05-22 23:48:49.12	5	1	0	0	0	12	0.513	1.3125	0	0	0	0	0
476	2016-05-22 23:48:49.15	2016-05-22 23:48:49.17	5	1	0	1	0	0	0	0	0	0	0	0	0
477	2016-05-22 23:48:53.73	2016-05-22 23:49:04.17	5	1	0	0	0	14	0.505	1.46875	0	0	0	0	0
478	2016-05-22 23:49:10.71	2016-05-22 23:49:21.89	5	1	0	0	0	12	0.457	1.375	0	0	0	0	0
480	2016-05-22 23:49:34.09	2016-05-22 23:49:34.21	5	1	0	1	0	0	0	0	0	0	0	0	0
480	2016-05-22 23:49:37.23	2016-05-22 23:49:37.98	5	1	0	1	0	0	0	0	0	0	0	0	0
481	2016-05-22 23:49:46.82	2016-05-22 23:50:08.35	5	1	0	0	0	19	0.628	1.875	0	0	0	0	0
482	2016-05-22 23:50:16.12	2016-05-22 23:50:37.64	5	1	0	0	0	17	0.684	1.890625	0	0	0	0	0
483	2016-05-22 23:50:42.50	2016-05-22 23:50:59.65	5	1	0	0	0	20	0.711	1.96875	0	0	0	0	0
484	2016-05-22 23:51:04.87	2016-05-22 23:51:19.34	5	1	0	0	0	20	0.777	1.765625	0	0	0	0	0
485	2016-05-22 23:51:24.59	2016-05-22 23:51:34.34	5	1	0	0	0	20	1.016	2.21875	0	0	0	0	0
486	2016-05-22 23:51:40.40	2016-05-22 23:51:45.21	5	1	0	0	0	12	0.653	1.515625	0	0	0	0	0
487	2016-05-22 23:52:02.98	2016-05-22 23:52:08.57	5	1	0	0	0	11	0.652	1.453125	0	0	0	0	0
488	2016-05-22 23:52:13.50	2016-05-22 23:52:13.53	5	1	0	1	0	0	0	0	0	0	0	0	0
488	2016-05-22 23:52:14.01	2016-05-22 23:52:14.07	5	1	0	1	0	0	0	0	0	0	0	0	0
488	2016-05-22 23:52:14.12	2016-05-22 23:52:14.48	5	1	0	1	0	0	0	0	0	0	0	0	0
488	2016-05-22 23:52:21.65	2016-05-22 23:52:22.40	6	-1	1	1	0	0	0	0	0	0	0	0	0
489	2016-05-22 23:52:54.82	2016-05-22 23:53:00.81	5	1	0	0	0	5	0.089	0.46875	0	0	0	0	0
490	2016-05-22 23:53:06.76	2016-05-22 23:53:18.29	5	1	0	0	0	19	0.687	2.015625	0	0	0	0	0
491	2016-05-22 23:53:35.92	2016-05-22 23:53:43.62	5	1	0	0	0	9	0.315	0.921875	0	0	0	0	0
492	2016-05-22 23:54:35.57	2016-05-22 23:54:41.23	5	1	0	0	0	13	0.374	1.375	0	0	0	0	0
493	2016-05-22 23:54:48.76	2016-05-22 23:54:56.93	5	1	0	0	0	20	0.657	1.859375	0	0	0	0	0
494	2016-05-22 23:55:02.50	2016-05-22 23:55:14.64	5	1	0	0	0	29	1.141	2.59375	0	0	0	0	0
495	2016-05-22 23:55:20.78	2016-05-22 23:55:29.34	5	1	0	0	0	17	0.541	1.625	0	0	0	0	0
496	2016-05-22 23:55:35.53	2016-05-22 23:55:47.60	5	1	0	0	0	19	0.891	2.03125	0	0	0	0	0
497	2016-05-22 23:55:52.95	2016-05-22 23:56:00.96	5	1	0	0	0	20	0.641	1.96875	0	0	0	0	0
498	2016-05-22 23:56:06.29	2016-05-22 23:56:18.71	5	1	0	0	0	25	1.241	2.515625	0	0	0	0	0
498	2016-05-22 23:56:18.73	2016-05-22 23:56:18.76	5	1	0	1	0	0	0	0	0	0	0	0	0
499	2016-05-22 23:56:23.98	2016-05-22 23:56:39.45	5	1	0	0	0	18	0.581	1.8125	0	0	0	0	0
499	2016-05-22 23:56:47.89	2016-05-22 23:56:48.51	5	1	0	1	0	0	0	0	0	0	0	0	0
499	2016-05-22 23:56:50.35	2016-05-22 23:56:50.57	5	1	0	1	0	0	0	0	0	0	0	0	0
499	2016-05-22 23:56:50.90	2016-05-22 23:56:50.93	5	1	0	1	0	0	0	0	0	0	0	0	0
499	2016-05-22 23:56:50.23	2016-05-22 23:56:51.23	6	-1	1	1	0	0	0	0	0	0	0	0	0
499	2016-05-22 23:56:51.07	2016-05-22 23:56:52.46	5	1	0	1	0	0	0	0	0	0	0	0	0
499	2016-05-22 23:56:56.31	2016-05-22 23:56:56.51	5	1	0	1	0	0	0	0	0	0	0	0	0
500	2016-05-22 23:57:07.31	2016-05-22 23:57:07.71	5	1	0	1	0	0	0	0	0	0	0	0	0
501	2016-05-22 23:57:17.62	2016-05-22 23:57:25.17	5	1	0	0	0	12	0.876	1.703125	0	0	0	0	0
502	2016-05-22 23:57:33.60	2016-05-22 23:57:38.95	5	1	0	0	0	14	0.641	1.484375	0	0	0	0	0
503	2016-05-22 23:58:03.28	2016-05-22 23:58:03.31	5	1	0	1	0	0	0	0	0	0	0	0	0
503	2016-05-22 23:58:03.76	2016-05-22 23:58:04.15	5	1	0	1	0	0	0	0	0	0	0	0	0
504	2016-05-22 23:58:10.40	2016-05-22 23:58:19.62	5	1	0	0	0	25	1.209	2.328125	0	0	0	0	0
505	2016-05-22 23:58:29.35	2016-05-22 23:58:38.98	5	1	0	0	0	40	1.415	3.46875	0	0	0	0	0
505	2016-05-22 23:58:47.09	2016-05-22 23:58:47.17	5	1	0	1	0	0	0	0	0	0	0	0	0
506	2016-05-22 23:59:15.00	2016-05-22 23:59:15.43	5	1	0	0	0	0	0	0	0	0	0	0	0
509	2016-05-23 00:01:41.76	2016-05-23 00:01:42.15	5	1	0	0	0	0	0	0	0	0	0	0	0
513	2016-05-23 00:03:13.50	2016-05-23 00:03:13.82	5	1	0	0	0	0	0	0	0	0	0	0	0
515	2016-05-23 00:03:44.67	2016-05-23 00:03:44.85	5	1	0	0	0	0	0	0	0	0	0	0	0
516	2016-05-23 00:04:48.93	2016-05-23 00:04:49.28	5	1	0	0	0	0	0	0	0	0	0	0	0
517	2016-05-23 00:05:08.73	2016-05-23 00:05:09.43	6	-1	1	0	0	0	0	0	0	0	0	0	0
518	2016-05-23 00:09:43.37	2016-05-23 00:09:43.48	6	-1	1	0	0	0	0	0	0	0	0	0	0
518	2016-05-23 00:09:43.51	2016-05-23 00:09:44.31	6	-1	1	0	0	0	0	0	0	0	0	0	0
518	2016-05-23 00:09:53.14	2016-05-23 00:09:53.78	5	1	0	0	0	0	0	0	0	0	0	0	0
518	2016-05-23 00:10:15.89	2016-05-23 00:10:16.17	6	-1	1	0	0	0	0	0	0	0	0	0	0
518	2016-05-23 00:10:19.20	2016-05-23 00:10:19.25	5	1	0	0	0	0	0	0	0	0	0	0	0
518	2016-05-23 00:10:21.10	2016-05-23 00:10:21.14	6	-1	1	0	0	0	0	0	0	0	0	0	0
518	2016-05-23 00:10:21.15	2016-05-23 00:10:21.82	6	-1	1	0	0	0	0	0	0	0	0	0	0
518	2016-05-23 00:10:21.85	2016-05-23 00:10:22.10	6	-1	1	0	0	0	0	0	0	0	0	0	0
518	2016-05-23 00:10:22.28	2016-05-23 00:10:23.29	6	-1	1	0	0	0	0	0	0	0	0	0	0
518	2016-05-23 00:10:23.07	2016-05-23 00:10:26.59	5	1	0	0	0	0	0	0	0	0	0	0	0
519	2016-05-23 00:10:36.56	2016-05-23 00:10:36.60	6	-1	1	0	0	0	0	0	0	0	0	0	0
519	2016-05-23 00:10:36.95	2016-05-23 00:10:37.18	6	-1	1	0	0	0	0	0	0	0	0	0	0
519	2016-05-23 00:10:37.59	2016-05-23 00:10:38.04	6	-1	1	0	0	0	0	0	0	0	0	0	0
528	2016-05-23 00:16:49.81	2016-05-23 00:16:49.95	6	-1	1	0	0	0	0	0	0	0	0	0	0
528	2016-05-23 00:16:50.03	2016-05-23 00:16:50.09	6	-1	1	0	0	0	0	0	0	0	0	0	0
528	2016-05-23 00:17:01.48	2016-05-23 00:17:02.10	5	1	0	0	0	0	0	0	0	0	0	0	0
528	2016-05-23 00:17:02.78	2016-05-23 00:17:03.37	5	1	0	0	0	0	0	0	0	0	0	0	0
528	2016-05-23 00:17:04.26	2016-05-23 00:17:04.48	5	1	0	0	0	0	0	0	0	0	0	0	0
528	2016-05-23 00:17:04.67	2016-05-23 00:17:05.03	5	1	0	0	0	0	0	0	0	0	0	0	0
528	2016-05-23 00:17:05.75	2016-05-23 00:17:06.17	5	1	0	0	0	0	0	0	0	0	0	0	0
528	2016-05-23 00:17:08.34	2016-05-23 00:17:08.65	5	1	0	0	0	0	0	0	0	0	0	0	0
529	2016-05-23 00:17:20.53	2016-05-23 00:17:23.62	6	-1	1	0	0	0	0	0	0	0	0	0	0
529	2016-05-23 00:17:32.04	2016-05-23 00:17:32.96	5	1	0	0	0	0	0	0	0	0	0	0	0
529	2016-05-23 00:17:44.07	2016-05-23 00:17:45.35	6	-1	1	0	0	0	0	0	0	0	0	0	0
529	2016-05-23 00:17:46.90	2016-05-23 00:17:47.29	5	1	0	0	0	0	0	0	0	0	0	0	0
529	2016-05-23 00:17:47.35	2016-05-23 00:17:50.46	5	1	0	0	0	0	0	0	0	0	0	0	0
529	2016-05-23 00:17:56.25	2016-05-23 00:17:56.90	5	1	0	0	0	0	0	0	0	0	0	0	0
529	2016-05-23 00:18:04.71	2016-05-23 00:18:04.75	5	1	0	0	0	0	0	0	0	0	0	0	0
529	2016-05-23 00:18:04.96	2016-05-23 00:18:05.78	5	1	0	0	0	0	0	0	0	0	0	0	0
530	2016-05-23 00:18:09.09	2016-05-23 00:18:10.64	6	-1	1	0	0	0	0	0	0	0	0	0	0
530	2016-05-23 00:18:10.93	2016-05-23 00:18:11.03	6	-1	1	0	0	0	0	0	0	0	0	0	0
530	2016-05-23 00:18:11.56	2016-05-23 00:18:11.65	6	-1	1	0	0	0	0	0	0	0	0	0	0
530	2016-05-23 00:18:53.23	2016-05-23 00:18:53.53	6	-1	1	0	0	0	0	0	0	0	0	0	0
530	2016-05-23 00:18:57.46	2016-05-23 00:18:58.23	5	1	0	0	0	0	0	0	0	0	0	0	0
530	2016-05-23 00:19:00.76	2016-05-23 00:19:01.75	6	-1	1	0	0	0	0	0	0	0	0	0	0
530	2016-05-23 00:19:04.71	2016-05-23 00:19:05.12	5	1	0	0	0	0	0	0	0	0	0	0	0
530	2016-05-23 00:19:13.45	2016-05-23 00:19:13.89	6	-1	1	0	0	0	0	0	0	0	0	0	0
530	2016-05-23 00:19:14.26	2016-05-23 00:19:14.40	6	-1	1	0	0	0	0	0	0	0	0	0	0
530	2016-05-23 00:19:14.75	2016-05-23 00:19:15.48	6	-1	1	0	0	0	0	0	0	0	0	0	0
530	2016-05-23 00:19:15.98	2016-05-23 00:19:17.26	6	-1	1	0	0	0	0	0	0	0	0	0	0
530	2016-05-23 00:19:18.21	2016-05-23 00:19:18.32	6	-1	1	0	0	0	0	0	0	0	0	0	0
531	2016-05-23 00:19:40.76	2016-05-23 00:19:41.21	5	1	0	0	0	0	0	0	0	0	0	0	0
531	2016-05-23 00:19:44.00	2016-05-23 00:19:45.09	6	-1	1	0	0	0	0	0	0	0	0	0	0
537	2016-05-23 00:24:16.04	2016-05-23 00:24:16.53	6	-1	1	0	0	0	0	0	0	0	0	0	0
537	2016-05-23 00:24:15.65	2016-05-23 00:24:17.09	5	1	0	0	0	0	0	0	0	0	0	0	0
537	2016-05-23 00:24:17.06	2016-05-23 00:24:18.32	6	-1	1	0	0	0	0	0	0	0	0	0	0
538	2016-05-23 00:24:28.26	2016-05-23 00:24:28.32	6	-1	1	0	0	0	0	0	0	0	0	0	0
538	2016-05-23 00:24:30.00	2016-05-23 00:24:30.96	5	1	0	0	0	0	0	0	0	0	0	0	0
538	2016-05-23 00:24:34.31	2016-05-23 00:24:35.40	6	-1	1	0	0	0	0	0	0	0	0	0	0
539	2016-05-23 00:24:43.65	2016-05-23 00:24:44.46	5	1	0	0	0	0	0	0	0	0	0	0	0
541	2016-05-23 00:25:37.07	2016-05-23 00:25:38.09	6	-1	1	0	0	0	0	0	0	0	0	0	0
541	2016-05-23 00:26:30.95	2016-05-23 00:26:31.21	6	-1	1	0	0	0	0	0	0	0	0	0	0
541	2016-05-23 00:26:34.98	2016-05-23 00:26:35.73	5	1	0	0	0	0	0	0	0	0	0	0	0
541	2016-05-23 00:26:58.95	2016-05-23 00:26:59.23	6	-1	1	0	0	0	0	0	0	0	0	0	0
544	2016-05-23 00:36:15.12	2016-05-23 00:36:15.76	5	1	0	0	0	0	0	0	0	0	0	0	0
544	2016-05-23 00:36:23.67	2016-05-23 00:36:24.23	6	-1	1	0	0	0	0	0	0	0	0	0	0
544	2016-05-23 00:37:31.14	2016-05-23 00:37:31.29	5	1	0	0	0	0	0	0	0	0	0	0	0
544	2016-05-23 00:38:07.31	2016-05-23 00:38:07.85	6	-1	1	0	0	0	0	0	0	0	0	0	0
548	2016-05-23 00:40:10.62	2016-05-23 00:40:10.92	6	-1	1	0	0	0	0	0	0	0	0	0	0
548	2016-05-23 00:40:10.98	2016-05-23 00:40:11.98	6	-1	1	0	0	0	0	0	0	0	0	0	0
549	2016-05-23 00:42:17.12	2016-05-23 00:42:17.67	5	1	0	0	0	0	0	0	0	0	0	0	0
549	2016-05-23 00:42:58.70	2016-05-23 00:42:59.46	6	-1	1	0	0	0	0	0	0	0	0	0	0
549	2016-05-23 00:43:03.89	2016-05-23 00:43:03.95	5	1	0	0	0	0	0	0	0	0	0	0	0
550	2016-05-23 00:43:14.31	2016-05-23 00:43:15.29	5	1	0	0	0	0	0	0	0	0	0	0	0
551	2016-05-23 00:43:38.78	2016-05-23 00:43:39.37	5	1	0	0	0	0	0	0	0	0	0	0	0
558	2016-05-23 01:40:50.54	2016-05-23 01:40:51.09	6	-1	1	0	0	0	0	0	0	0	0	0	0
558	2016-05-23 01:40:56.18	2016-05-23 01:40:57.01	5	1	0	0	0	0	0	0	0	0	0	0	0
559	2016-05-23 01:41:54.50	2016-05-23 01:41:55.81	5	1	0	0	0	0	0	0	0	0	0	0	0
559	2016-05-23 01:42:01.06	2016-05-23 01:42:01.28	6	-1	1	0	0	0	0	0	0	0	0	0	0
559	2016-05-23 01:42:01.06	2016-05-23 01:42:01.68	5	1	0	0	0	0	0	0	0	0	0	0	0
559	2016-05-23 01:42:01.64	2016-05-23 01:42:03.75	6	-1	1	0	0	0	0	0	0	0	0	0	0
560	2016-05-23 01:42:13.51	2016-05-23 01:42:14.79	5	1	0	0	0	0	0	0	0	0	0	0	0
560	2016-05-23 01:42:23.71	2016-05-23 01:42:24.82	6	-1	1	0	0	0	0	0	0	0	0	0	0
561	2016-05-23 02:09:05.40	2016-05-23 02:09:05.92	5	1	0	0	0	0	0	0	0	0	0	0	0
563	2016-05-23 02:20:57.62	2016-05-23 02:20:58.43	6	-1	1	0	0	0	0	0	0	0	0	0	0
563	2016-05-23 02:21:05.21	2016-05-23 02:21:05.26	5	1	0	0	0	0	0	0	0	0	0	0	0
563	2016-05-23 02:21:06.32	2016-05-23 02:21:07.14	5	1	0	0	0	0	0	0	0	0	0	0	0
564	2016-05-23 02:26:56.34	2016-05-23 02:26:56.65	5	1	0	0	0	0	0	0	0	0	0	0	0
565	2016-05-23 02:35:37.07	2016-05-23 02:35:38.00	5	1	0	0	0	0	0	0	0	0	0	0	0
566	2016-05-23 02:57:35.43	2016-05-23 02:57:35.98	5	1	0	0	0	0	0	0	0	0	0	0	0
567	2016-05-23 05:14:05.71	2016-05-23 05:14:06.25	5	1	0	0	0	0	0	0	0	0	0	0	0
570	2016-05-23 06:19:21.29	2016-05-23 06:19:22.40	6	-1	1	0	0	0	0	0	0	0	0	0	0
572	2016-05-23 06:22:03.26	2016-05-23 06:22:03.65	5	1	0	0	0	0	0	0	0	0	0	0	0
573	2016-05-23 06:36:08.37	2016-05-23 06:36:09.20	5	1	0	0	0	0	0	0	0	0	0	0	0
573	2016-05-23 06:36:12.14	2016-05-23 06:36:12.93	5	1	0	0	0	0	0	0	0	0	0	0	0
573	2016-05-23 06:36:16.03	2016-05-23 06:36:16.35	6	-1	1	0	0	0	0	0	0	0	0	0	0
576	2016-05-23 06:40:33.15	2016-05-23 06:40:33.73	5	1	0	0	0	0	0	0	0	0	0	0	0
576	2016-05-23 06:40:40.18	2016-05-23 06:40:40.21	6	-1	1	0	0	0	0	0	0	0	0	0	0
576	2016-05-23 06:40:40.48	2016-05-23 06:40:41.09	6	-1	1	0	0	0	0	0	0	0	0	0	0
576	2016-05-23 06:40:44.59	2016-05-23 06:40:44.79	6	-1	1	0	0	0	0	0	0	0	0	0	0
576	2016-05-23 06:40:46.34	2016-05-23 06:40:46.37	6	-1	1	0	0	0	0	0	0	0	0	0	0
576	2016-05-23 06:40:46.40	2016-05-23 06:40:46.48	6	-1	1	0	0	0	0	0	0	0	0	0	0
576	2016-05-23 06:40:47.06	2016-05-23 06:40:47.20	6	-1	1	0	0	0	0	0	0	0	0	0	0
576	2016-05-23 06:40:51.03	2016-05-23 06:40:51.25	5	1	0	0	0	0	0	0	0	0	0	0	0
576	2016-05-23 06:41:13.09	2016-05-23 06:41:13.21	5	1	0	0	0	0	0	0	0	0	0	0	0
577	2016-05-23 06:41:17.84	2016-05-23 06:41:18.14	6	-1	1	0	0	0	0	0	0	0	0	0	0
577	2016-05-23 06:41:24.84	2016-05-23 06:41:25.00	6	-1	1	0	0	0	0	0	0	0	0	0	0
577	2016-05-23 06:41:25.15	2016-05-23 06:41:28.87	6	-1	1	0	0	0	0	0	0	0	0	0	0
578	2016-05-23 06:50:21.28	2016-05-23 06:50:22.03	5	1	0	0	0	0	0	0	0	0	0	0	0
578	2016-05-23 06:50:36.32	2016-05-23 06:50:36.95	5	1	0	0	0	0	0	0	0	0	0	0	0
581	2016-05-23 07:02:08.20	2016-05-23 07:02:08.75	5	1	0	0	0	0	0	0	0	0	0	0	0
581	2016-05-23 07:02:20.29	2016-05-23 07:02:20.96	5	1	0	0	0	0	0	0	0	0	0	0	0
582	2016-05-23 07:05:58.57	2016-05-23 07:05:59.79	5	1	0	0	0	0	0	0	0	0	0	0	0
583	2016-05-23 07:06:43.82	2016-05-23 07:06:44.37	6	-1	1	0	0	0	0	0	0	0	0	0	0
584	2016-05-23 07:07:03.92	2016-05-23 07:07:04.89	5	1	0	0	0	0	0	0	0	0	0	0	0
584	2016-05-23 07:07:07.34	2016-05-23 07:07:08.17	6	-1	1	0	0	0	0	0	0	0	0	0	0
584	2016-05-23 07:07:08.25	2016-05-23 07:07:08.37	6	-1	1	0	0	0	0	0	0	0	0	0	0
585	2016-05-23 07:07:31.28	2016-05-23 07:07:31.75	6	-1	1	0	0	0	0	0	0	0	0	0	0
585	2016-05-23 07:07:37.21	2016-05-23 07:07:38.04	6	-1	1	0	0	0	0	0	0	0	0	0	0
585	2016-05-23 07:07:38.14	2016-05-23 07:07:38.46	6	-1	1	0	0	0	0	0	0	0	0	0	0
585	2016-05-23 07:07:38.59	2016-05-23 07:07:39.07	6	-1	1	0	0	0	0	0	0	0	0	0	0
585	2016-05-23 07:07:39.73	2016-05-23 07:07:40.54	6	-1	1	0	0	0	0	0	0	0	0	0	0
585	2016-05-23 07:07:40.60	2016-05-23 07:07:40.75	6	-1	1	0	0	0	0	0	0	0	0	0	0
585	2016-05-23 07:07:40.82	2016-05-23 07:07:41.60	6	-1	1	0	0	0	0	0	0	0	0	0	0
585	2016-05-23 07:07:41.85	2016-05-23 07:07:41.92	6	-1	1	0	0	0	0	0	0	0	0	0	0
585	2016-05-23 07:07:41.96	2016-05-23 07:07:43.79	6	-1	1	0	0	0	0	0	0	0	0	0	0
586	2016-05-23 07:07:55.53	2016-05-23 07:07:56.64	6	-1	1	0	0	0	0	0	0	0	0	0	0
587	2016-05-23 07:13:17.87	2016-05-23 07:13:18.00	6	-1	1	0	0	0	0	0	0	0	0	0	0
588	2016-05-23 07:13:44.78	2016-05-23 07:13:45.46	6	-1	1	0	0	0	0	0	0	0	0	0	0
588	2016-05-23 07:13:49.73	2016-05-23 07:13:49.84	6	-1	1	0	0	0	0	0	0	0	0	0	0
588	2016-05-23 07:13:49.90	2016-05-23 07:13:50.00	6	-1	1	0	0	0	0	0	0	0	0	0	0
588	2016-05-23 07:13:50.23	2016-05-23 07:13:50.67	6	-1	1	0	0	0	0	0	0	0	0	0	0
591	2016-05-23 07:18:51.34	2016-05-23 07:18:59.21	5	1	0	0	0	0	0	0	0	0	0	0	0
591	2016-05-23 07:18:59.23	2016-05-23 07:19:00.21	5	1	0	0	0	0	0	0	0	0	0	0	0
591	2016-05-23 07:19:01.25	2016-05-23 07:19:02.14	6	-1	1	0	0	0	0	0	0	0	0	0	0
591	2016-05-23 07:19:03.84	2016-05-23 07:19:04.29	5	1	0	0	0	0	0	0	0	0	0	0	0
591	2016-05-23 07:19:04.39	2016-05-23 07:19:04.42	5	1	0	0	0	0	0	0	0	0	0	0	0
591	2016-05-23 07:19:04.43	2016-05-23 07:19:07.75	5	1	0	0	0	0	0	0	0	0	0	0	0
591	2016-05-23 07:19:07.87	2016-05-23 07:19:08.34	5	1	0	0	0	0	0	0	0	0	0	0	0
591	2016-05-23 07:19:11.84	2016-05-23 07:19:15.31	5	1	0	0	0	0	0	0	0	0	0	0	0
592	2016-05-23 07:19:21.76	2016-05-23 07:19:23.48	5	1	0	0	0	0	0	0	0	0	0	0	0
592	2016-05-23 07:19:30.20	2016-05-23 07:19:30.87	5	1	0	0	0	0	0	0	0	0	0	0	0
592	2016-05-23 07:19:42.82	2016-05-23 07:19:43.14	6	-1	1	0	0	0	0	0	0	0	0	0	0
593	2016-05-23 07:20:01.00	2016-05-23 07:20:01.45	5	1	0	0	0	0	0	0	0	0	0	0	0
593	2016-05-23 07:20:07.89	2016-05-23 07:20:08.20	6	-1	1	0	0	0	0	0	0	0	0	0	0
593	2016-05-23 07:20:15.00	2016-05-23 07:20:16.34	6	-1	1	0	0	0	0	0	0	0	0	0	0
593	2016-05-23 07:20:29.95	2016-05-23 07:20:29.98	5	1	0	0	0	0	0	0	0	0	0	0	0
593	2016-05-23 07:21:08.50	2016-05-23 07:21:09.40	5	1	0	0	0	0	0	0	0	0	0	0	0
593	2016-05-23 07:21:10.92	2016-05-23 07:21:12.01	6	-1	1	0	0	0	0	0	0	0	0	0	0
593	2016-05-23 07:21:20.23	2016-05-23 07:21:20.92	5	1	0	0	0	0	0	0	0	0	0	0	0
593	2016-05-23 07:21:33.40	2016-05-23 07:21:36.06	5	1	0	0	0	0	0	0	0	0	0	0	0
593	2016-05-23 07:21:38.40	2016-05-23 07:21:38.92	5	1	0	0	0	0	0	0	0	0	0	0	0
595	2016-05-23 07:22:35.46	2016-05-23 07:22:36.01	6	-1	1	0	0	0	0	0	0	0	0	0	0
595	2016-05-23 07:22:41.93	2016-05-23 07:22:41.96	6	-1	1	0	0	0	0	0	0	0	0	0	0
595	2016-05-23 07:22:53.29	2016-05-23 07:22:53.32	6	-1	1	0	0	0	0	0	0	0	0	0	0
595	2016-05-23 07:22:53.42	2016-05-23 07:22:53.45	6	-1	1	0	0	0	0	0	0	0	0	0	0
595	2016-05-23 07:22:53.53	2016-05-23 07:22:53.62	6	-1	1	0	0	0	0	0	0	0	0	0	0
595	2016-05-23 07:22:53.70	2016-05-23 07:22:54.03	6	-1	1	0	0	0	0	0	0	0	0	0	0
595	2016-05-23 07:23:07.71	2016-05-23 07:23:07.87	6	-1	1	0	0	0	0	0	0	0	0	0	0
595	2016-05-23 07:23:08.04	2016-05-23 07:23:09.17	6	-1	1	0	0	0	0	0	0	0	0	0	0
596	2016-05-23 07:23:36.21	2016-05-23 07:23:37.35	5	1	0	0	0	0	0	0	0	0	0	0	0
596	2016-05-23 07:23:39.18	2016-05-23 07:23:39.62	6	-1	1	0	0	0	0	0	0	0	0	0	0
596	2016-05-23 07:23:47.34	2016-05-23 07:23:47.56	6	-1	1	0	0	0	0	0	0	0	0	0	0
597	2016-05-23 07:23:58.29	2016-05-23 07:23:59.56	5	1	0	0	0	0	0	0	0	0	0	0	0
598	2016-05-23 07:32:26.21	2016-05-23 07:32:26.81	5	1	0	0	0	0	0	0	0	0	0	0	0
599	2016-05-23 07:34:48.92	2016-05-23 07:34:49.15	5	1	0	0	0	0	0	0	0	0	0	0	0
600	2016-05-23 07:40:34.54	2016-05-23 07:40:35.21	5	1	0	0	0	0	0	0	0	0	0	0	0
602	2016-05-23 07:43:50.73	2016-05-23 07:43:52.03	5	1	0	0	0	0	0	0	0	0	0	0	0
602	2016-05-23 07:43:52.04	2016-05-23 07:43:52.07	5	1	0	0	0	0	0	0	0	0	0	0	0
602	2016-05-23 07:43:53.31	2016-05-23 07:43:54.14	5	1	0	0	0	0	0	0	0	0	0	0	0
603	2016-05-23 07:44:10.20	2016-05-23 07:44:10.32	6	-1	1	0	0	0	0	0	0	0	0	0	0
604	2016-05-23 07:44:45.46	2016-05-23 07:44:46.21	5	1	0	0	0	0	0	0	0	0	0	0	0
607	2016-05-23 07:45:37.85	2016-05-23 07:45:38.65	5	1	0	0	0	0	0	0	0	0	0	0	0
607	2016-05-23 07:45:48.95	2016-05-23 07:45:49.34	6	-1	1	0	0	0	0	0	0	0	0	0	0
607	2016-05-23 07:45:54.28	2016-05-23 07:45:55.25	5	1	0	0	0	0	0	0	0	0	0	0	0
607	2016-05-23 07:46:03.85	2016-05-23 07:46:04.28	5	1	0	0	0	0	0	0	0	0	0	0	0
607	2016-05-23 07:47:18.82	2016-05-23 07:47:19.01	6	-1	1	0	0	0	0	0	0	0	0	0	0
607	2016-05-23 07:47:38.56	2016-05-23 07:47:38.70	6	-1	1	0	0	0	0	0	0	0	0	0	0
607	2016-05-23 07:47:42.37	2016-05-23 07:47:42.46	6	-1	1	0	0	0	0	0	0	0	0	0	0
607	2016-05-23 07:47:42.62	2016-05-23 07:47:42.95	6	-1	1	0	0	0	0	0	0	0	0	0	0
607	2016-05-23 07:47:43.14	2016-05-23 07:47:45.29	5	1	0	0	0	0	0	0	0	0	0	0	0
608	2016-05-23 07:53:49.87	2016-05-23 07:53:50.25	5	1	0	0	0	0	0	0	0	0	0	0	0
608	2016-05-23 07:53:50.92	2016-05-23 07:53:51.67	5	1	0	0	0	0	0	0	0	0	0	0	0
609	2016-05-23 08:00:03.84	2016-05-23 08:00:04.75	5	1	0	0	0	0	0	0	0	0	0	0	0
610	2016-05-23 08:03:10.20	2016-05-23 08:03:14.90	5	1	0	0	0	0	0	0	0	0	0	0	0
610	2016-05-23 08:03:17.93	2016-05-23 08:03:18.45	6	-1	1	0	0	0	0	0	0	0	0	0	0
610	2016-05-23 08:03:18.56	2016-05-23 08:03:19.03	6	-1	1	0	0	0	0	0	0	0	0	0	0
610	2016-05-23 08:03:23.90	2016-05-23 08:03:25.10	5	1	0	0	0	0	0	0	0	0	0	0	0
611	2016-05-23 08:03:57.18	2016-05-23 08:03:57.25	6	-1	1	0	0	0	0	0	0	0	0	0	0
611	2016-05-23 08:03:57.31	2016-05-23 08:03:57.34	6	-1	1	0	0	0	0	0	0	0	0	0	0
613	2016-05-23 08:04:14.39	2016-05-23 08:04:15.29	5	1	0	0	0	0	0	0	0	0	0	0	0
613	2016-05-23 08:04:44.09	2016-05-23 08:04:44.67	5	1	0	0	0	0	0	0	0	0	0	0	0
613	2016-05-23 08:04:44.82	2016-05-23 08:04:45.00	5	1	0	0	0	0	0	0	0	0	0	0	0
613	2016-05-23 08:04:58.32	2016-05-23 08:04:58.81	6	-1	1	0	0	0	0	0	0	0	0	0	0
616	2016-05-23 08:48:41.12	2016-05-23 08:48:45.51	5	1	0	0	0	0	0	0	0	0	0	0	0
617	2016-05-23 09:55:38.37	2016-05-23 09:55:38.89	5	1	0	0	0	0	0	0	0	0	0	0	0
619	2016-05-23 11:12:41.89	2016-05-23 11:12:43.09	5	1	0	0	0	0	0	0	0	0	0	0	0
619	2016-05-23 11:12:44.65	2016-05-23 11:12:44.68	6	-1	1	0	0	0	0	0	0	0	0	0	0
621	2016-05-23 12:01:34.03	2016-05-23 12:01:34.70	5	1	0	0	0	0	0	0	0	0	0	0	0
622	2016-05-23 13:10:43.89	2016-05-23 13:10:44.40	5	1	0	0	0	0	0	0	0	0	0	0	0
623	2016-05-23 13:13:05.64	2016-05-23 13:13:07.42	6	-1	1	0	0	0	0	0	0	0	0	0	0
624	2016-05-23 13:33:44.37	2016-05-23 13:33:44.39	5	1	0	0	0	0	0	0	0	0	0	0	0
624	2016-05-23 13:33:44.43	2016-05-23 13:33:45.70	5	1	0	0	0	0	0	0	0	0	0	0	0
627	2016-05-23 14:44:27.46	2016-05-23 14:44:27.79	5	1	0	0	0	0	0	0	0	0	0	0	0
628	2016-05-23 15:20:06.01	2016-05-23 15:20:06.67	5	1	0	0	0	0	0	0	0	0	0	0	0
629	2016-05-23 15:23:17.35	2016-05-23 15:23:17.84	5	1	0	0	0	0	0	0	0	0	0	0	0
630	2016-05-23 15:30:05.12	2016-05-23 15:30:05.57	5	1	0	0	0	0	0	0	0	0	0	0	0
630	2016-05-23 15:30:05.60	2016-05-23 15:30:05.65	5	1	0	0	0	0	0	0	0	0	0	0	0
630	2016-05-23 15:30:05.89	2016-05-23 15:30:06.14	5	1	0	0	0	0	0	0	0	0	0	0	0
630	2016-05-23 15:30:06.17	2016-05-23 15:30:07.40	5	1	0	0	0	0	0	0	0	0	0	0	0
631	2016-05-23 15:34:06.96	2016-05-23 15:34:07.56	5	1	0	0	0	0	0	0	0	0	0	0	0
632	2016-05-23 16:41:30.40	2016-05-23 16:41:30.65	6	-1	1	0	0	0	0	0	0	0	0	0	0
632	2016-05-23 16:41:30.71	2016-05-23 16:41:31.26	6	-1	1	0	0	0	0	0	0	0	0	0	0
632	2016-05-23 16:41:31.25	2016-05-23 16:41:32.37	5	1	0	0	0	0	0	0	0	0	0	0	0
632	2016-05-23 16:41:32.51	2016-05-23 16:41:32.64	5	1	0	0	0	0	0	0	0	0	0	0	0
632	2016-05-23 16:41:33.20	2016-05-23 16:41:33.73	5	1	0	0	0	0	0	0	0	0	0	0	0
632	2016-05-23 16:41:34.23	2016-05-23 16:41:34.75	5	1	0	0	0	0	0	0	0	0	0	0	0
635	2016-05-23 16:48:35.00	2016-05-23 16:48:36.04	5	1	0	0	0	0	0	0	0	0	0	0	0
635	2016-05-23 16:48:36.15	2016-05-23 16:48:36.15	5	1	0	0	0	0	0	0	0	0	0	0	0
636	2016-05-23 16:52:01.40	2016-05-23 16:52:01.90	5	1	0	0	0	0	0	0	0	0	0	0	0
637	2016-05-23 16:53:07.68	2016-05-23 16:53:08.43	5	1	0	0	0	0	0	0	0	0	0	0	0
638	2016-05-23 16:56:17.20	2016-05-23 16:56:17.78	5	1	0	0	0	0	0	0	0	0	0	0	0
639	2016-05-23 16:57:40.57	2016-05-23 16:57:41.20	5	1	0	0	0	0	0	0	0	0	0	0	0
640	2016-05-23 18:03:15.46	2016-05-23 18:03:15.59	5	1	0	0	0	0	0	0	0	0	0	0	0
640	2016-05-23 18:03:15.60	2016-05-23 18:03:15.62	5	1	0	0	0	0	0	0	0	0	0	0	0
640	2016-05-23 18:03:15.73	2016-05-23 18:03:16.48	5	1	0	0	0	0	0	0	0	0	0	0	0
644	2016-05-23 18:11:52.89	2016-05-23 18:11:53.81	5	1	0	0	0	0	0	0	0	0	0	0	0
644	2016-05-23 18:11:55.95	2016-05-23 18:11:56.46	5	1	0	0	0	0	0	0	0	0	0	0	0
644	2016-05-23 18:11:57.06	2016-05-23 18:11:57.68	6	-1	1	0	0	0	0	0	0	0	0	0	0
645	2016-05-23 18:13:34.06	2016-05-23 18:13:34.57	5	1	0	0	0	0	0	0	0	0	0	0	0
646	2016-05-23 18:14:20.09	2016-05-23 18:14:20.31	6	-1	1	0	0	0	0	0	0	0	0	0	0
646	2016-05-23 18:14:20.17	2016-05-23 18:14:20.82	5	1	0	0	0	0	0	0	0	0	0	0	0
646	2016-05-23 18:14:21.04	2016-05-23 18:14:21.76	6	-1	1	0	0	0	0	0	0	0	0	0	0
648	2016-05-23 18:16:05.01	2016-05-23 18:16:05.54	5	1	0	0	0	0	0	0	0	0	0	0	0
649	2016-05-23 18:18:15.00	2016-05-23 18:18:15.32	6	-1	1	0	0	0	0	0	0	0	0	0	0
649	2016-05-23 18:18:17.18	2016-05-23 18:18:17.34	6	-1	1	0	0	0	0	0	0	0	0	0	0
651	2016-05-23 18:20:09.18	2016-05-23 18:20:09.53	5	1	0	0	0	0	0	0	0	0	0	0	0
653	2016-05-23 18:21:37.87	2016-05-23 18:21:38.45	5	1	0	0	0	0	0	0	0	0	0	0	0
656	2016-05-23 18:24:59.43	2016-05-23 18:24:59.45	5	1	0	0	0	0	0	0	0	0	0	0	0
656	2016-05-23 18:24:59.56	2016-05-23 18:24:59.75	5	1	0	0	0	0	0	0	0	0	0	0	0
656	2016-05-23 18:24:59.78	2016-05-23 18:25:00.25	6	-1	1	0	0	0	0	0	0	0	0	0	0
656	2016-05-23 18:24:59.85	2016-05-23 18:25:00.92	5	1	0	0	0	0	0	0	0	0	0	0	0
656	2016-05-23 18:25:00.93	2016-05-23 18:25:01.01	5	1	0	0	0	0	0	0	0	0	0	0	0
658	2016-05-23 18:26:30.64	2016-05-23 18:26:31.14	5	1	0	0	0	0	0	0	0	0	0	0	0
658	2016-05-23 18:26:34.12	2016-05-23 18:26:34.92	5	1	0	0	0	0	0	0	0	0	0	0	0
659	2016-05-23 18:26:35.64	2016-05-23 18:26:36.65	5	1	0	0	0	0	0	0	0	0	0	0	0
661	2016-05-23 18:27:08.09	2016-05-23 18:27:09.25	5	1	0	0	0	0	0	0	0	0	0	0	0
661	2016-05-23 18:27:14.79	2016-05-23 18:27:15.29	6	-1	1	0	0	0	0	0	0	0	0	0	0
661	2016-05-23 18:27:15.21	2016-05-23 18:27:16.95	5	1	0	0	0	0	0	0	0	0	0	0	0
661	2016-05-23 18:27:21.01	2016-05-23 18:27:21.46	5	1	0	0	0	0	0	0	0	0	0	0	0
661	2016-05-23 18:27:44.79	2016-05-23 18:27:44.81	5	1	0	0	0	0	0	0	0	0	0	0	0
661	2016-05-23 18:27:45.06	2016-05-23 18:27:45.34	5	1	0	0	0	0	0	0	0	0	0	0	0
661	2016-05-23 18:27:45.84	2016-05-23 18:27:45.85	5	1	0	0	0	0	0	0	0	0	0	0	0
661	2016-05-23 18:27:45.92	2016-05-23 18:27:45.93	5	1	0	0	0	0	0	0	0	0	0	0	0
661	2016-05-23 18:27:49.81	2016-05-23 18:27:49.82	5	1	0	0	0	0	0	0	0	0	0	0	0
661	2016-05-23 18:27:49.89	2016-05-23 18:27:49.93	5	1	0	0	0	0	0	0	0	0	0	0	0
661	2016-05-23 18:27:59.35	2016-05-23 18:27:59.98	5	1	0	0	0	0	0	0	0	0	0	0	0
661	2016-05-23 18:28:00.01	2016-05-23 18:28:00.60	5	1	0	0	0	0	0	0	0	0	0	0	0
661	2016-05-23 18:28:00.75	2016-05-23 18:28:01.34	5	1	0	0	0	0	0	0	0	0	0	0	0
661	2016-05-23 18:28:01.15	2016-05-23 18:28:01.65	6	-1	1	0	0	0	0	0	0	0	0	0	0
661	2016-05-23 18:28:01.70	2016-05-23 18:28:01.78	6	-1	1	0	0	0	0	0	0	0	0	0	0
661	2016-05-23 18:28:02.78	2016-05-23 18:28:04.48	6	-1	1	0	0	0	0	0	0	0	0	0	0
661	2016-05-23 18:28:04.50	2016-05-23 18:28:04.51	5	1	0	0	0	0	0	0	0	0	0	0	0
661	2016-05-23 18:28:04.68	2016-05-23 18:28:04.90	5	1	0	0	0	0	0	0	0	0	0	0	0
661	2016-05-23 18:28:10.15	2016-05-23 18:28:10.20	5	1	0	0	0	0	0	0	0	0	0	0	0
661	2016-05-23 18:28:10.35	2016-05-23 18:28:10.39	5	1	0	0	0	0	0	0	0	0	0	0	0
661	2016-05-23 18:28:10.57	2016-05-23 18:28:10.79	5	1	0	0	0	0	0	0	0	0	0	0	0
661	2016-05-23 18:28:10.84	2016-05-23 18:28:10.90	5	1	0	0	0	0	0	0	0	0	0	0	0
661	2016-05-23 18:28:10.98	2016-05-23 18:28:11.29	5	1	0	0	0	0	0	0	0	0	0	0	0
661	2016-05-23 18:28:12.17	2016-05-23 18:28:12.20	5	1	0	0	0	0	0	0	0	0	0	0	0
661	2016-05-23 18:28:12.26	2016-05-23 18:28:12.35	5	1	0	0	0	0	0	0	0	0	0	0	0
661	2016-05-23 18:28:12.56	2016-05-23 18:28:12.71	5	1	0	0	0	0	0	0	0	0	0	0	0
661	2016-05-23 18:28:12.78	2016-05-23 18:28:12.81	5	1	0	0	0	0	0	0	0	0	0	0	0
661	2016-05-23 18:28:12.92	2016-05-23 18:28:13.00	5	1	0	0	0	0	0	0	0	0	0	0	0
661	2016-05-23 18:28:17.89	2016-05-23 18:28:17.92	5	1	0	0	0	0	0	0	0	0	0	0	0
661	2016-05-23 18:28:18.57	2016-05-23 18:28:18.65	5	1	0	0	0	0	0	0	0	0	0	0	0
661	2016-05-23 18:28:18.70	2016-05-23 18:28:18.76	5	1	0	0	0	0	0	0	0	0	0	0	0
661	2016-05-23 18:28:19.95	2016-05-23 18:28:19.98	5	1	0	0	0	0	0	0	0	0	0	0	0
661	2016-05-23 18:28:23.17	2016-05-23 18:28:24.48	6	-1	1	0	0	0	0	0	0	0	0	0	0
661	2016-05-23 18:28:21.29	2016-05-23 18:28:25.06	5	1	0	0	0	0	0	0	0	0	0	0	0
661	2016-05-23 18:28:25.23	2016-05-23 18:28:25.31	5	1	0	0	0	0	0	0	0	0	0	0	0
661	2016-05-23 18:28:25.54	2016-05-23 18:28:25.57	5	1	0	0	0	0	0	0	0	0	0	0	0
661	2016-05-23 18:28:26.70	2016-05-23 18:28:26.71	5	1	0	0	0	0	0	0	0	0	0	0	0
661	2016-05-23 18:28:25.82	2016-05-23 18:28:26.78	6	-1	1	0	0	0	0	0	0	0	0	0	0
661	2016-05-23 18:28:28.73	2016-05-23 18:28:29.57	5	1	0	0	0	0	0	0	0	0	0	0	0
661	2016-05-23 18:28:26.85	2016-05-23 18:28:30.01	6	-1	1	0	0	0	0	0	0	0	0	0	0
661	2016-05-23 18:28:30.20	2016-05-23 18:28:30.50	6	-1	1	0	0	0	0	0	0	0	0	0	0
661	2016-05-23 18:28:31.68	2016-05-23 18:28:32.00	6	-1	1	0	0	0	0	0	0	0	0	0	0
