VisitID	Start	End	Side	SideCondition	SideError	TimeError	ConditionError	LickNumber	LickContactTime	LickDuration	AirState	DoorState	LED1State	LED2State	LED3State
2	2016-05-16 14:47:39.78	2016-05-16 14:47:41.18	5	1	0	0	0	0	0	0	0	0	0	0	0
3	2016-05-16 14:47:50.65	2016-05-16 14:47:51.48	5	1	0	0	0	0	0	0	0	0	0	0	0
4	2016-05-16 14:48:23.09	2016-05-16 14:48:23.67	5	1	0	0	0	0	0	0	0	0	0	0	0
6	2016-05-16 16:30:50.50	2016-05-16 16:30:51.23	5	1	0	0	0	0	0	0	0	0	0	0	0
9	2016-05-16 16:40:58.85	2016-05-16 16:40:59.60	5	1	0	0	0	0	0	0	0	0	0	0	0
11	2016-05-16 18:05:01.34	2016-05-16 18:05:01.82	6	-1	1	0	0	0	0	0	0	0	0	0	0
11	2016-05-16 18:05:00.31	2016-05-16 18:05:02.95	5	1	0	0	0	0	0	0	0	0	0	0	0
11	2016-05-16 18:05:02.89	2016-05-16 18:05:03.45	6	-1	1	0	0	0	0	0	0	0	0	0	0
12	2016-05-16 18:05:19.40	2016-05-16 18:05:19.59	6	-1	1	0	0	0	0	0	0	0	0	0	0
12	2016-05-16 18:05:20.14	2016-05-16 18:05:21.43	6	-1	1	0	0	0	0	0	0	0	0	0	0
12	2016-05-16 18:05:21.65	2016-05-16 18:05:22.60	6	-1	1	0	0	0	0	0	0	0	0	0	0
12	2016-05-16 18:05:23.01	2016-05-16 18:05:23.06	6	-1	1	0	0	0	0	0	0	0	0	0	0
12	2016-05-16 18:05:23.12	2016-05-16 18:05:23.23	6	-1	1	0	0	0	0	0	0	0	0	0	0
15	2016-05-16 18:07:47.12	2016-05-16 18:07:47.92	5	1	0	0	0	0	0	0	0	0	0	0	0
20	2016-05-16 18:14:28.07	2016-05-16 18:14:28.45	5	1	0	0	0	0	0	0	0	0	0	0	0
20	2016-05-16 18:14:30.18	2016-05-16 18:14:30.31	5	1	0	0	0	0	0	0	0	0	0	0	0
20	2016-05-16 18:14:29.98	2016-05-16 18:14:30.81	6	-1	1	0	0	0	0	0	0	0	0	0	0
20	2016-05-16 18:14:30.84	2016-05-16 18:14:31.64	5	1	0	0	0	0	0	0	0	0	0	0	0
20	2016-05-16 18:15:01.34	2016-05-16 18:15:01.39	5	1	0	0	0	0	0	0	0	0	0	0	0
20	2016-05-16 18:15:04.09	2016-05-16 18:15:04.51	5	1	0	0	0	0	0	0	0	0	0	0	0
20	2016-05-16 18:15:05.75	2016-05-16 18:15:05.81	5	1	0	0	0	0	0	0	0	0	0	0	0
20	2016-05-16 18:15:06.07	2016-05-16 18:15:06.82	5	1	0	0	0	0	0	0	0	0	0	0	0
20	2016-05-16 18:15:07.71	2016-05-16 18:15:07.73	5	1	0	0	0	0	0	0	0	0	0	0	0
20	2016-05-16 18:15:10.26	2016-05-16 18:15:10.67	5	1	0	0	0	0	0	0	0	0	0	0	0
21	2016-05-16 18:15:58.54	2016-05-16 18:15:58.67	6	-1	1	0	0	0	0	0	0	0	0	0	0
21	2016-05-16 18:15:58.67	2016-05-16 18:15:58.92	5	1	0	0	0	0	0	0	0	0	0	0	0
21	2016-05-16 18:15:59.03	2016-05-16 18:15:59.95	5	1	0	0	0	0	0	0	0	0	0	0	0
23	2016-05-16 18:17:00.04	2016-05-16 18:17:00.29	5	1	0	0	0	0	0	0	0	0	0	0	0
23	2016-05-16 18:17:00.57	2016-05-16 18:17:01.73	5	1	0	0	0	0	0	0	0	0	0	0	0
25	2016-05-16 18:17:17.78	2016-05-16 18:17:17.81	5	1	0	0	0	0	0	0	0	0	0	0	0
25	2016-05-16 18:17:17.92	2016-05-16 18:17:18.03	5	1	0	0	0	0	0	0	0	0	0	0	0
25	2016-05-16 18:17:18.09	2016-05-16 18:17:18.17	5	1	0	0	0	0	0	0	0	0	0	0	0
25	2016-05-16 18:17:18.20	2016-05-16 18:17:18.68	5	1	0	0	0	0	0	0	0	0	0	0	0
25	2016-05-16 18:17:19.00	2016-05-16 18:17:21.89	5	1	0	0	0	0	0	0	0	0	0	0	0
25	2016-05-16 18:17:26.45	2016-05-16 18:17:30.37	5	1	0	0	0	0	0	0	0	0	0	0	0
26	2016-05-16 18:17:41.78	2016-05-16 18:17:48.64	5	1	0	0	0	0	0	0	0	0	0	0	0
26	2016-05-16 18:17:48.71	2016-05-16 18:17:48.78	5	1	0	0	0	0	0	0	0	0	0	0	0
27	2016-05-16 18:17:49.65	2016-05-16 18:17:49.68	5	1	0	0	0	0	0	0	0	0	0	0	0
27	2016-05-16 18:17:49.84	2016-05-16 18:17:49.89	5	1	0	0	0	0	0	0	0	0	0	0	0
27	2016-05-16 18:17:50.39	2016-05-16 18:17:50.48	5	1	0	0	0	0	0	0	0	0	0	0	0
27	2016-05-16 18:17:50.53	2016-05-16 18:17:50.64	5	1	0	0	0	0	0	0	0	0	0	0	0
27	2016-05-16 18:17:50.70	2016-05-16 18:17:50.76	5	1	0	0	0	0	0	0	0	0	0	0	0
27	2016-05-16 18:17:50.81	2016-05-16 18:17:51.92	5	1	0	0	0	0	0	0	0	0	0	0	0
27	2016-05-16 18:17:51.95	2016-05-16 18:17:51.98	5	1	0	0	0	0	0	0	0	0	0	0	0
27	2016-05-16 18:17:52.34	2016-05-16 18:17:52.42	5	1	0	0	0	0	0	0	0	0	0	0	0
27	2016-05-16 18:17:52.71	2016-05-16 18:17:52.78	5	1	0	0	0	0	0	0	0	0	0	0	0
27	2016-05-16 18:17:53.90	2016-05-16 18:17:55.03	5	1	0	0	0	0	0	0	0	0	0	0	0
27	2016-05-16 18:17:56.57	2016-05-16 18:17:56.62	5	1	0	0	0	0	0	0	0	0	0	0	0
27	2016-05-16 18:17:57.37	2016-05-16 18:17:58.57	5	1	0	0	0	0	0	0	0	0	0	0	0
27	2016-05-16 18:17:58.95	2016-05-16 18:18:06.59	5	1	0	0	0	0	0	0	0	0	0	0	0
27	2016-05-16 18:18:06.68	2016-05-16 18:18:10.71	5	1	0	0	0	0	0	0	0	0	0	0	0
27	2016-05-16 18:18:10.87	2016-05-16 18:18:11.04	5	1	0	0	0	0	0	0	0	0	0	0	0
27	2016-05-16 18:18:11.10	2016-05-16 18:18:11.29	5	1	0	0	0	0	0	0	0	0	0	0	0
27	2016-05-16 18:18:12.42	2016-05-16 18:18:13.25	5	1	0	0	0	0	0	0	0	0	0	0	0
28	2016-05-16 18:18:24.43	2016-05-16 18:18:24.45	6	-1	1	0	0	0	0	0	0	0	0	0	0
28	2016-05-16 18:18:24.59	2016-05-16 18:18:24.60	6	-1	1	0	0	0	0	0	0	0	0	0	0
28	2016-05-16 18:18:24.75	2016-05-16 18:18:24.76	6	-1	1	0	0	0	0	0	0	0	0	0	0
28	2016-05-16 18:18:24.81	2016-05-16 18:18:24.89	6	-1	1	0	0	0	0	0	0	0	0	0	0
28	2016-05-16 18:18:15.21	2016-05-16 18:18:24.98	5	1	0	0	0	0	0	0	0	0	0	0	0
28	2016-05-16 18:18:29.17	2016-05-16 18:18:29.56	6	-1	1	0	0	0	0	0	0	0	0	0	0
28	2016-05-16 18:18:29.87	2016-05-16 18:18:30.18	6	-1	1	0	0	0	0	0	0	0	0	0	0
28	2016-05-16 18:18:25.00	2016-05-16 18:18:30.31	5	1	0	0	0	0	0	0	0	0	0	0	0
28	2016-05-16 18:18:30.40	2016-05-16 18:18:30.79	5	1	0	0	0	0	0	0	0	0	0	0	0
28	2016-05-16 18:18:30.75	2016-05-16 18:18:30.95	6	-1	1	0	0	0	0	0	0	0	0	0	0
28	2016-05-16 18:18:31.01	2016-05-16 18:18:31.32	6	-1	1	0	0	0	0	0	0	0	0	0	0
29	2016-05-16 18:19:44.25	2016-05-16 18:19:44.28	5	1	0	0	0	0	0	0	0	0	0	0	0
29	2016-05-16 18:19:45.87	2016-05-16 18:19:46.40	6	-1	1	0	0	0	0	0	0	0	0	0	0
29	2016-05-16 18:19:48.90	2016-05-16 18:19:49.73	5	1	0	0	0	0	0	0	0	0	0	0	0
29	2016-05-16 18:19:52.04	2016-05-16 18:19:54.32	5	1	0	0	0	0	0	0	0	0	0	0	0
30	2016-05-16 18:20:27.14	2016-05-16 18:20:27.67	5	1	0	0	0	0	0	0	0	0	0	0	0
31	2016-05-16 18:20:28.01	2016-05-16 18:20:28.03	5	1	0	0	0	0	0	0	0	0	0	0	0
31	2016-05-16 18:20:31.25	2016-05-16 18:20:31.32	5	1	0	0	0	0	0	0	0	0	0	0	0
31	2016-05-16 18:20:31.79	2016-05-16 18:20:38.59	5	1	0	0	0	0	0	0	0	0	0	0	0
31	2016-05-16 18:20:38.65	2016-05-16 18:20:38.79	5	1	0	0	0	0	0	0	0	0	0	0	0
31	2016-05-16 18:20:39.06	2016-05-16 18:20:39.50	5	1	0	0	0	0	0	0	0	0	0	0	0
31	2016-05-16 18:20:45.15	2016-05-16 18:20:45.43	5	1	0	0	0	0	0	0	0	0	0	0	0
31	2016-05-16 18:20:45.56	2016-05-16 18:20:47.29	5	1	0	0	0	0	0	0	0	0	0	0	0
31	2016-05-16 18:20:47.34	2016-05-16 18:20:49.81	5	1	0	0	0	0	0	0	0	0	0	0	0
31	2016-05-16 18:20:49.89	2016-05-16 18:20:49.95	5	1	0	0	0	0	0	0	0	0	0	0	0
31	2016-05-16 18:20:51.00	2016-05-16 18:20:52.90	5	1	0	0	0	0	0	0	0	0	0	0	0
31	2016-05-16 18:20:53.18	2016-05-16 18:20:55.35	5	1	0	0	0	0	0	0	0	0	0	0	0
31	2016-05-16 18:20:55.40	2016-05-16 18:20:55.43	5	1	0	0	0	0	0	0	0	0	0	0	0
31	2016-05-16 18:20:55.60	2016-05-16 18:20:55.79	5	1	0	0	0	0	0	0	0	0	0	0	0
31	2016-05-16 18:20:56.62	2016-05-16 18:20:56.98	6	-1	1	0	0	0	0	0	0	0	0	0	0
31	2016-05-16 18:20:57.03	2016-05-16 18:20:57.23	6	-1	1	0	0	0	0	0	0	0	0	0	0
39	2016-05-16 18:22:30.01	2016-05-16 18:22:30.87	5	1	0	0	0	0	0	0	0	0	0	0	0
39	2016-05-16 18:22:30.92	2016-05-16 18:22:31.04	5	1	0	0	0	0	0	0	0	0	0	0	0
39	2016-05-16 18:22:34.78	2016-05-16 18:22:35.20	6	-1	1	0	0	0	0	0	0	0	0	0	0
40	2016-05-16 18:22:40.45	2016-05-16 18:22:40.70	5	1	0	0	0	0	0	0	0	0	0	0	0
40	2016-05-16 18:22:40.71	2016-05-16 18:22:40.75	5	1	0	0	0	0	0	0	0	0	0	0	0
40	2016-05-16 18:22:40.68	2016-05-16 18:22:40.92	6	-1	1	0	0	0	0	0	0	0	0	0	0
40	2016-05-16 18:22:40.81	2016-05-16 18:22:42.31	5	1	0	0	0	0	0	0	0	0	0	0	0
42	2016-05-16 18:22:52.39	2016-05-16 18:22:52.40	6	-1	1	0	0	0	0	0	0	0	0	0	0
42	2016-05-16 18:22:54.21	2016-05-16 18:22:55.04	5	1	0	0	0	0	0	0	0	0	0	0	0
43	2016-05-16 18:24:01.12	2016-05-16 18:24:01.90	5	1	0	0	0	0	0	0	0	0	0	0	0
43	2016-05-16 18:24:09.81	2016-05-16 18:24:10.34	5	1	0	0	0	0	0	0	0	0	0	0	0
44	2016-05-16 18:24:14.95	2016-05-16 18:24:15.73	5	1	0	0	0	0	0	0	0	0	0	0	0
45	2016-05-16 18:25:54.45	2016-05-16 18:25:55.06	5	1	0	0	0	0	0	0	0	0	0	0	0
46	2016-05-16 18:27:03.20	2016-05-16 18:27:03.82	5	1	0	0	0	0	0	0	0	0	0	0	0
47	2016-05-16 18:27:22.53	2016-05-16 18:27:24.06	5	1	0	0	0	0	0	0	0	0	0	0	0
47	2016-05-16 18:27:34.04	2016-05-16 18:27:34.54	5	1	0	0	0	0	0	0	0	0	0	0	0
47	2016-05-16 18:27:42.17	2016-05-16 18:27:42.76	6	-1	1	0	0	0	0	0	0	0	0	0	0
47	2016-05-16 18:27:47.64	2016-05-16 18:27:48.35	6	-1	1	0	0	0	0	0	0	0	0	0	0
47	2016-05-16 18:27:49.84	2016-05-16 18:27:50.25	6	-1	1	0	0	0	0	0	0	0	0	0	0
47	2016-05-16 18:27:52.57	2016-05-16 18:27:52.59	5	1	0	0	0	0	0	0	0	0	0	0	0
47	2016-05-16 18:28:00.35	2016-05-16 18:28:00.40	6	-1	1	0	0	0	0	0	0	0	0	0	0
47	2016-05-16 18:28:00.62	2016-05-16 18:28:01.40	6	-1	1	0	0	0	0	0	0	0	0	0	0
49	2016-05-16 18:30:04.01	2016-05-16 18:30:04.06	5	1	0	0	0	0	0	0	0	0	0	0	0
49	2016-05-16 18:30:04.28	2016-05-16 18:30:04.29	5	1	0	0	0	0	0	0	0	0	0	0	0
49	2016-05-16 18:30:04.34	2016-05-16 18:30:05.10	5	1	0	0	0	0	0	0	0	0	0	0	0
50	2016-05-16 18:32:18.62	2016-05-16 18:32:18.68	5	1	0	0	0	0	0	0	0	0	0	0	0
50	2016-05-16 18:32:19.04	2016-05-16 18:32:19.62	5	1	0	0	0	0	0	0	0	0	0	0	0
51	2016-05-16 18:33:11.20	2016-05-16 18:33:12.28	5	1	0	0	0	0	0	0	0	0	0	0	0
53	2016-05-16 18:40:52.04	2016-05-16 18:40:53.31	5	1	0	0	0	0	0	0	0	0	0	0	0
54	2016-05-16 18:46:47.12	2016-05-16 18:46:47.29	5	1	0	0	0	0	0	0	0	0	0	0	0
54	2016-05-16 18:46:47.39	2016-05-16 18:46:47.40	5	1	0	0	0	0	0	0	0	0	0	0	0
56	2016-05-16 19:07:02.90	2016-05-16 19:07:10.92	5	1	0	0	0	9	0.246	0.84375	0	0	0	0	0
56	2016-05-16 19:07:14.04	2016-05-16 19:07:14.59	5	1	0	1	0	0	0	0	0	0	0	0	0
57	2016-05-16 19:13:10.98	2016-05-16 19:13:17.90	5	1	0	0	0	27	0.798	2.328125	0	0	0	0	0
58	2016-05-16 19:19:36.43	2016-05-16 19:19:46.31	5	1	0	0	0	19	0.375	1.53125	0	0	0	0	0
59	2016-05-16 19:21:29.48	2016-05-16 19:21:40.84	5	1	0	0	0	14	0.373	1.328125	0	0	0	0	0
60	2016-05-16 19:21:50.15	2016-05-16 19:21:59.75	5	1	0	0	0	22	0.646	2	0	0	0	0	0
61	2016-05-16 19:22:38.34	2016-05-16 19:22:51.28	5	1	0	0	0	5	0.171	0.5625	0	0	0	0	0
62	2016-05-16 19:23:05.23	2016-05-16 19:23:20.57	5	1	0	0	0	10	0.302	0.921875	0	0	0	0	0
63	2016-05-16 19:40:09.45	2016-05-16 19:40:19.14	5	1	0	0	0	11	0.206	0.9375	0	0	0	0	0
64	2016-05-16 19:40:26.81	2016-05-16 19:40:39.20	5	1	0	0	0	13	0.43	1.21875	0	0	0	0	0
65	2016-05-16 19:43:40.32	2016-05-16 19:43:40.75	5	1	0	1	0	0	0	0	0	0	0	0	0
65	2016-05-16 19:43:40.93	2016-05-16 19:43:41.70	5	1	0	1	0	0	0	0	0	0	0	0	0
66	2016-05-16 19:43:57.82	2016-05-16 19:43:58.21	5	1	0	1	0	0	0	0	0	0	0	0	0
67	2016-05-16 19:45:09.62	2016-05-16 19:45:18.34	5	1	0	0	0	19	0.472	1.84375	0	0	0	0	0
68	2016-05-16 19:49:02.82	2016-05-16 19:49:03.29	5	1	0	1	0	0	0	0	0	0	0	0	0
69	2016-05-16 19:51:16.60	2016-05-16 19:51:26.65	5	1	0	0	0	16	0.352	1.5625	0	0	0	0	0
70	2016-05-16 19:51:41.42	2016-05-16 19:51:52.67	5	1	0	0	0	18	0.448	1.671875	0	0	0	0	0
71	2016-05-16 19:52:01.53	2016-05-16 19:52:09.17	5	1	0	0	0	18	0.503	1.71875	0	0	0	0	0
72	2016-05-16 19:52:12.15	2016-05-16 19:52:13.17	5	1	0	1	0	0	0	0	0	0	0	0	0
73	2016-05-16 19:52:21.07	2016-05-16 19:52:34.57	5	1	0	0	0	10	0.248	0.953125	0	0	0	0	0
74	2016-05-16 19:52:40.40	2016-05-16 19:52:52.89	5	1	0	0	0	12	0.332	1.1875	0	0	0	0	0
75	2016-05-16 19:54:16.07	2016-05-16 19:54:17.06	5	1	0	1	0	0	0	0	0	0	0	0	0
76	2016-05-16 19:58:55.76	2016-05-16 19:59:01.85	5	1	0	0	0	7	0.133	0.671875	0	0	0	0	0
77	2016-05-16 19:59:07.75	2016-05-16 19:59:25.51	5	1	0	0	0	17	0.449	1.625	0	0	0	0	0
78	2016-05-16 19:59:29.21	2016-05-16 19:59:49.56	5	1	0	0	0	11	0.33	1.078125	0	0	0	0	0
79	2016-05-16 20:00:03.15	2016-05-16 20:00:27.68	5	1	0	0	0	16	0.378	1.5	0	0	0	0	0
80	2016-05-16 20:00:40.42	2016-05-16 20:00:48.46	5	1	0	0	0	17	0.533	1.78125	0	0	0	0	0
81	2016-05-16 20:00:53.65	2016-05-16 20:01:02.34	5	1	0	0	0	17	0.492	1.765625	0	0	0	0	0
81	2016-05-16 20:01:02.35	2016-05-16 20:01:02.39	5	1	0	1	0	0	0	0	0	0	0	0	0
82	2016-05-16 20:01:07.48	2016-05-16 20:01:08.25	5	1	0	1	0	0	0	0	0	0	0	0	0
83	2016-05-16 20:01:13.89	2016-05-16 20:01:38.60	5	1	0	0	0	9	0.247	0.921875	0	0	0	0	0
84	2016-05-16 20:01:45.40	2016-05-16 20:01:45.67	5	1	0	1	0	0	0	0	0	0	0	0	0
85	2016-05-16 20:01:54.95	2016-05-16 20:02:01.70	5	1	0	0	0	6	0.146	0.546875	0	0	0	0	0
85	2016-05-16 20:02:05.35	2016-05-16 20:02:05.40	5	1	0	1	0	0	0	0	0	0	0	0	0
86	2016-05-16 20:02:12.62	2016-05-16 20:02:19.15	5	1	0	0	0	3	0.073	0.3125	0	0	0	0	0
87	2016-05-16 20:02:30.76	2016-05-16 20:02:39.34	5	1	0	0	0	10	0.317	1.015625	0	0	0	0	0
87	2016-05-16 20:02:49.82	2016-05-16 20:02:49.98	5	1	0	1	0	0	0	0	0	0	0	0	0
88	2016-05-16 20:03:01.34	2016-05-16 20:03:08.71	5	1	0	0	0	8	0.134	0.71875	0	0	0	0	0
89	2016-05-16 20:03:29.31	2016-05-16 20:03:36.75	5	1	0	0	0	11	0.247	1.03125	0	0	0	0	0
90	2016-05-16 20:03:42.79	2016-05-16 20:03:46.71	5	1	0	0	0	9	0.244	0.84375	0	0	0	0	0
91	2016-05-16 20:03:52.09	2016-05-16 20:04:02.75	5	1	0	0	0	7	0.216	0.65625	0	0	0	0	0
92	2016-05-16 20:04:14.14	2016-05-16 20:04:23.51	5	1	0	0	0	9	0.135	0.78125	0	0	0	0	0
93	2016-05-16 20:04:28.42	2016-05-16 20:04:28.76	5	1	0	1	0	0	0	0	0	0	0	0	0
94	2016-05-16 20:04:33.93	2016-05-16 20:04:43.37	5	1	0	0	0	6	0.202	0.640625	0	0	0	0	0
95	2016-05-16 20:04:56.50	2016-05-16 20:05:06.10	5	1	0	0	0	13	0.362	1.265625	0	0	0	0	0
96	2016-05-16 20:05:16.60	2016-05-16 20:05:22.00	5	1	0	0	0	7	0.16	0.59375	0	0	0	0	0
97	2016-05-16 20:05:26.85	2016-05-16 20:05:33.17	5	1	0	0	0	18	0.668	1.90625	0	0	0	0	0
98	2016-05-16 20:05:40.57	2016-05-16 20:05:49.29	5	1	0	0	0	10	0.29	1.03125	0	0	0	0	0
99	2016-05-16 20:05:55.35	2016-05-16 20:06:02.78	5	1	0	0	0	15	0.419	1.5625	0	0	0	0	0
100	2016-05-16 20:06:07.98	2016-05-16 20:06:08.96	5	1	0	1	0	0	0	0	0	0	0	0	0
101	2016-05-16 20:06:24.04	2016-05-16 20:06:34.84	5	1	0	0	0	12	0.344	1.125	0	0	0	0	0
101	2016-05-16 20:06:39.21	2016-05-16 20:06:39.25	5	1	0	1	0	0	0	0	0	0	0	0	0
101	2016-05-16 20:06:39.28	2016-05-16 20:06:39.50	5	1	0	1	0	0	0	0	0	0	0	0	0
103	2016-05-16 20:07:04.98	2016-05-16 20:07:05.68	5	1	0	1	0	0	0	0	0	0	0	0	0
104	2016-05-16 20:07:26.04	2016-05-16 20:07:34.03	5	1	0	0	0	15	0.446	1.375	0	0	0	0	0
105	2016-05-16 20:07:49.93	2016-05-16 20:08:04.71	5	1	0	0	0	13	0.277	1.25	0	0	0	0	0
105	2016-05-16 20:08:10.40	2016-05-16 20:08:10.54	5	1	0	1	0	0	0	0	0	0	0	0	0
106	2016-05-16 20:08:17.07	2016-05-16 20:08:43.23	5	1	0	0	0	11	0.219	1.015625	0	0	0	0	0
107	2016-05-16 20:08:50.57	2016-05-16 20:09:15.57	5	1	0	0	0	9	0.245	0.875	0	0	0	0	0
108	2016-05-16 20:09:21.71	2016-05-16 20:09:41.98	5	1	0	0	0	9	0.232	0.953125	0	0	0	0	0
108	2016-05-16 20:09:49.15	2016-05-16 20:09:49.28	5	1	0	1	0	0	0	0	0	0	0	0	0
109	2016-05-16 20:10:00.31	2016-05-16 20:10:24.87	5	1	0	0	0	15	0.347	1.328125	0	0	0	0	0
110	2016-05-16 20:10:32.76	2016-05-16 20:10:58.14	5	1	0	0	0	13	0.248	1.140625	0	0	0	0	0
111	2016-05-16 20:11:06.18	2016-05-16 20:11:24.62	5	1	0	0	0	12	0.317	1.140625	0	0	0	0	0
112	2016-05-16 20:11:32.29	2016-05-16 20:11:53.85	5	1	0	0	0	20	0.603	2.03125	0	0	0	0	0
113	2016-05-16 20:12:02.84	2016-05-16 20:12:20.03	5	1	0	0	0	13	0.376	1.3125	0	0	0	0	0
114	2016-05-16 20:12:27.87	2016-05-16 20:12:45.28	5	1	0	0	0	17	0.462	1.546875	0	0	0	0	0
115	2016-05-16 20:13:31.35	2016-05-16 20:13:47.73	5	1	0	0	0	10	0.288	0.984375	0	0	0	0	0
116	2016-05-16 20:13:57.71	2016-05-16 20:14:14.95	5	1	0	0	0	10	0.274	0.96875	0	0	0	0	0
117	2016-05-16 20:14:20.78	2016-05-16 20:14:36.53	5	1	0	0	0	11	0.235	1.046875	0	0	0	0	0
118	2016-05-16 20:14:43.67	2016-05-16 20:14:57.76	5	1	0	0	0	10	0.246	0.953125	0	0	0	0	0
119	2016-05-16 20:15:07.04	2016-05-16 20:15:24.40	5	1	0	0	0	9	0.245	0.859375	0	0	0	0	0
120	2016-05-16 20:15:30.78	2016-05-16 20:15:49.07	5	1	0	0	0	16	0.306	1.453125	0	0	0	0	0
121	2016-05-16 20:15:56.59	2016-05-16 20:16:09.46	5	1	0	0	0	18	0.349	1.484375	0	0	0	0	0
122	2016-05-16 20:16:13.92	2016-05-16 20:16:20.57	5	1	0	0	0	4	0.116	0.40625	0	0	0	0	0
123	2016-05-16 20:16:33.42	2016-05-16 20:16:41.04	5	1	0	0	0	8	0.663	1.15625	0	0	0	0	0
123	2016-05-16 20:16:41.14	2016-05-16 20:16:41.18	5	1	0	1	0	0	0	0	0	0	0	0	0
123	2016-05-16 20:16:41.42	2016-05-16 20:16:41.62	5	1	0	1	0	0	0	0	0	0	0	0	0
123	2016-05-16 20:16:42.00	2016-05-16 20:16:42.04	5	1	0	1	0	0	0	0	0	0	0	0	0
123	2016-05-16 20:16:42.10	2016-05-16 20:16:45.00	5	1	0	1	0	0	0	0	0	0	0	0	0
124	2016-05-16 20:16:56.04	2016-05-16 20:16:57.40	5	1	0	1	0	0	0	0	0	0	0	0	0
124	2016-05-16 20:17:10.50	2016-05-16 20:17:11.62	5	1	0	1	0	0	0	0	0	0	0	0	0
125	2016-05-16 20:17:18.39	2016-05-16 20:17:18.62	5	1	0	1	0	0	0	0	0	0	0	0	0
125	2016-05-16 20:17:22.04	2016-05-16 20:17:22.29	5	1	0	1	0	0	0	0	0	0	0	0	0
126	2016-05-16 20:17:30.12	2016-05-16 20:17:39.84	5	1	0	0	0	8	0.437	0.84375	0	0	0	0	0
127	2016-05-16 20:18:01.93	2016-05-16 20:18:11.81	5	1	0	0	0	5	0.257	0.609375	0	0	0	0	0
127	2016-05-16 20:18:11.87	2016-05-16 20:18:11.95	5	1	0	1	0	0	0	0	0	0	0	0	0
127	2016-05-16 20:18:12.04	2016-05-16 20:18:12.09	5	1	0	1	0	0	0	0	0	0	0	0	0
127	2016-05-16 20:18:12.20	2016-05-16 20:18:12.25	5	1	0	1	0	0	0	0	0	0	0	0	0
127	2016-05-16 20:18:12.32	2016-05-16 20:18:13.98	5	1	0	1	0	0	0	0	0	0	0	0	0
127	2016-05-16 20:18:14.07	2016-05-16 20:18:14.43	5	1	0	1	0	0	0	0	0	0	0	0	0
127	2016-05-16 20:18:14.48	2016-05-16 20:18:14.59	5	1	0	1	0	0	0	0	0	0	0	0	0
127	2016-05-16 20:18:14.67	2016-05-16 20:18:16.01	5	1	0	1	0	0	0	0	0	0	0	0	0
127	2016-05-16 20:18:16.68	2016-05-16 20:18:16.71	5	1	0	1	0	0	0	0	0	0	0	0	0
127	2016-05-16 20:18:16.81	2016-05-16 20:18:17.01	5	1	0	1	0	0	0	0	0	0	0	0	0
127	2016-05-16 20:18:17.07	2016-05-16 20:18:17.15	5	1	0	1	0	0	0	0	0	0	0	0	0
127	2016-05-16 20:18:17.23	2016-05-16 20:18:17.28	5	1	0	1	0	0	0	0	0	0	0	0	0
127	2016-05-16 20:18:17.56	2016-05-16 20:18:21.57	5	1	0	1	0	0	0	0	0	0	0	0	0
128	2016-05-16 20:18:28.56	2016-05-16 20:18:34.89	5	1	0	0	0	5	0.117	0.484375	0	0	0	0	0
128	2016-05-16 20:18:34.96	2016-05-16 20:18:35.01	5	1	0	1	0	0	0	0	0	0	0	0	0
128	2016-05-16 20:18:35.12	2016-05-16 20:18:35.14	5	1	0	1	0	0	0	0	0	0	0	0	0
128	2016-05-16 20:18:35.26	2016-05-16 20:18:35.31	5	1	0	1	0	0	0	0	0	0	0	0	0
128	2016-05-16 20:18:35.34	2016-05-16 20:18:35.46	5	1	0	1	0	0	0	0	0	0	0	0	0
128	2016-05-16 20:18:35.51	2016-05-16 20:18:35.62	5	1	0	1	0	0	0	0	0	0	0	0	0
128	2016-05-16 20:18:35.68	2016-05-16 20:18:36.76	5	1	0	1	0	0	0	0	0	0	0	0	0
128	2016-05-16 20:18:36.84	2016-05-16 20:18:37.04	5	1	0	1	0	0	0	0	0	0	0	0	0
128	2016-05-16 20:18:37.56	2016-05-16 20:18:38.17	5	1	0	1	0	0	0	0	0	0	0	0	0
128	2016-05-16 20:18:38.20	2016-05-16 20:18:57.29	5	1	0	1	0	0	0	0	0	0	0	0	0
129	2016-05-16 20:19:04.34	2016-05-16 20:19:22.59	5	1	0	0	0	10	0.455	1.09375	0	0	0	0	0
129	2016-05-16 20:19:22.70	2016-05-16 20:19:25.03	5	1	0	1	0	0	0	0	0	0	0	0	0
130	2016-05-16 20:19:31.20	2016-05-16 20:19:53.45	5	1	0	0	0	6	0.102	0.484375	0	0	0	0	0
131	2016-05-16 20:19:57.92	2016-05-16 20:20:24.73	5	1	0	0	0	9	0.214	0.765625	0	0	0	0	0
131	2016-05-16 20:20:24.75	2016-05-16 20:20:25.20	5	1	0	1	0	0	0	0	0	0	0	0	0
132	2016-05-16 20:20:33.54	2016-05-16 20:21:00.23	5	1	0	0	0	7	0.189	0.6875	0	0	0	0	0
133	2016-05-16 20:21:17.95	2016-05-16 20:21:44.68	5	1	0	0	0	9	0.232	0.828125	0	0	0	0	0
134	2016-05-16 20:21:51.17	2016-05-16 20:22:07.73	5	1	0	0	0	6	0.16	0.625	0	0	0	0	0
135	2016-05-16 20:22:13.96	2016-05-16 20:22:20.46	5	1	0	0	0	9	0.286	0.84375	0	0	0	0	0
136	2016-05-16 20:22:27.01	2016-05-16 20:22:46.45	5	1	0	0	0	11	0.344	1.109375	0	0	0	0	0
137	2016-05-16 20:23:00.10	2016-05-16 20:23:19.51	5	1	0	0	0	8	0.288	0.84375	0	0	0	0	0
137	2016-05-16 20:23:19.64	2016-05-16 20:23:20.10	5	1	0	1	0	0	0	0	0	0	0	0	0
138	2016-05-16 20:34:26.43	2016-05-16 20:34:26.81	5	1	0	1	0	0	0	0	0	0	0	0	0
139	2016-05-16 20:37:24.25	2016-05-16 20:37:32.21	5	1	0	0	0	12	0.249	1.109375	0	0	0	0	0
139	2016-05-16 20:37:32.25	2016-05-16 20:37:32.26	5	1	0	1	0	0	0	0	0	0	0	0	0
140	2016-05-16 20:37:41.06	2016-05-16 20:37:46.64	5	1	0	0	0	4	0.101	0.375	0	0	0	0	0
140	2016-05-16 20:37:46.65	2016-05-16 20:37:46.78	5	1	0	1	0	0	0	0	0	0	0	0	0
140	2016-05-16 20:37:46.82	2016-05-16 20:37:47.03	5	1	0	1	0	0	0	0	0	0	0	0	0
140	2016-05-16 20:37:47.10	2016-05-16 20:37:47.15	5	1	0	1	0	0	0	0	0	0	0	0	0
140	2016-05-16 20:37:47.23	2016-05-16 20:37:48.65	5	1	0	1	0	0	0	0	0	0	0	0	0
140	2016-05-16 20:37:48.73	2016-05-16 20:37:48.92	5	1	0	1	0	0	0	0	0	0	0	0	0
140	2016-05-16 20:37:48.93	2016-05-16 20:37:48.95	5	1	0	1	0	0	0	0	0	0	0	0	0
141	2016-05-16 20:37:57.21	2016-05-16 20:38:02.71	5	1	0	0	0	11	0.219	0.9375	0	0	0	0	0
141	2016-05-16 20:38:02.76	2016-05-16 20:38:02.84	5	1	0	1	0	0	0	0	0	0	0	0	0
141	2016-05-16 20:38:02.87	2016-05-16 20:38:02.95	5	1	0	1	0	0	0	0	0	0	0	0	0
141	2016-05-16 20:38:03.04	2016-05-16 20:38:03.50	5	1	0	1	0	0	0	0	0	0	0	0	0
141	2016-05-16 20:38:03.59	2016-05-16 20:38:03.64	5	1	0	1	0	0	0	0	0	0	0	0	0
141	2016-05-16 20:38:03.70	2016-05-16 20:38:04.12	5	1	0	1	0	0	0	0	0	0	0	0	0
141	2016-05-16 20:38:04.34	2016-05-16 20:38:04.48	5	1	0	1	0	0	0	0	0	0	0	0	0
141	2016-05-16 20:38:04.53	2016-05-16 20:38:04.73	5	1	0	1	0	0	0	0	0	0	0	0	0
141	2016-05-16 20:38:04.76	2016-05-16 20:38:04.85	5	1	0	1	0	0	0	0	0	0	0	0	0
141	2016-05-16 20:38:04.90	2016-05-16 20:38:05.04	5	1	0	1	0	0	0	0	0	0	0	0	0
142	2016-05-16 20:38:10.82	2016-05-16 20:38:18.28	5	1	0	0	0	9	0.259	0.84375	0	0	0	0	0
142	2016-05-16 20:38:18.62	2016-05-16 20:38:19.43	5	1	0	1	0	0	0	0	0	0	0	0	0
142	2016-05-16 20:38:19.51	2016-05-16 20:38:19.54	5	1	0	1	0	0	0	0	0	0	0	0	0
142	2016-05-16 20:38:19.57	2016-05-16 20:38:20.14	5	1	0	1	0	0	0	0	0	0	0	0	0
142	2016-05-16 20:38:20.20	2016-05-16 20:38:20.29	5	1	0	1	0	0	0	0	0	0	0	0	0
143	2016-05-16 20:38:26.90	2016-05-16 20:38:32.62	5	1	0	0	0	8	0.162	0.71875	0	0	0	0	0
143	2016-05-16 20:38:32.82	2016-05-16 20:38:33.10	5	1	0	1	0	0	0	0	0	0	0	0	0
143	2016-05-16 20:38:33.34	2016-05-16 20:38:34.03	5	1	0	1	0	0	0	0	0	0	0	0	0
143	2016-05-16 20:38:34.10	2016-05-16 20:38:34.15	5	1	0	1	0	0	0	0	0	0	0	0	0
143	2016-05-16 20:38:34.23	2016-05-16 20:38:34.26	5	1	0	1	0	0	0	0	0	0	0	0	0
143	2016-05-16 20:38:34.35	2016-05-16 20:38:38.81	5	1	0	1	0	0	0	0	0	0	0	0	0
144	2016-05-16 20:38:46.81	2016-05-16 20:38:53.14	5	1	0	0	0	8	0.19	0.765625	0	0	0	0	0
144	2016-05-16 20:38:53.23	2016-05-16 20:38:59.25	5	1	0	1	0	0	0	0	0	0	0	0	0
145	2016-05-16 20:39:06.68	2016-05-16 20:39:15.48	5	1	0	0	0	12	0.386	1.15625	0	0	0	0	0
146	2016-05-16 20:39:19.40	2016-05-16 20:39:19.53	6	-1	1	0	0	0	0	0	0	0	0	0	0
146	2016-05-16 20:39:20.48	2016-05-16 20:39:20.90	5	1	0	1	0	0	0	0	0	0	0	0	0
146	2016-05-16 20:39:21.71	2016-05-16 20:39:22.53	5	1	0	1	0	0	0	0	0	0	0	0	0
147	2016-05-16 20:40:25.67	2016-05-16 20:40:33.42	5	1	0	0	0	12	0.278	1.078125	0	0	0	0	0
147	2016-05-16 20:40:39.89	2016-05-16 20:40:40.03	5	1	0	1	0	0	0	0	0	0	0	0	0
148	2016-05-16 20:40:53.43	2016-05-16 20:41:02.93	5	1	0	0	0	13	0.279	1.203125	0	0	0	0	0
149	2016-05-16 20:41:07.04	2016-05-16 20:41:13.89	5	1	0	0	0	11	0.249	0.984375	0	0	0	0	0
150	2016-05-16 20:41:24.28	2016-05-16 20:41:35.03	5	1	0	0	0	13	0.319	1.21875	0	0	0	0	0
151	2016-05-16 20:41:41.65	2016-05-16 20:41:53.10	5	1	0	0	0	11	0.233	1.03125	0	0	0	0	0
152	2016-05-16 20:41:59.42	2016-05-16 20:42:11.85	5	1	0	0	0	12	0.289	1.125	0	0	0	0	0
153	2016-05-16 20:42:18.09	2016-05-16 20:42:27.26	5	1	0	0	0	11	0.177	0.96875	0	0	0	0	0
154	2016-05-16 20:42:33.01	2016-05-16 20:42:44.81	5	1	0	0	0	7	0.175	0.703125	0	0	0	0	0
155	2016-05-16 20:43:04.67	2016-05-16 20:43:18.01	5	1	0	0	0	14	0.39	1.3125	0	0	0	0	0
156	2016-05-16 20:43:26.81	2016-05-16 20:43:37.26	5	1	0	0	0	12	0.374	1.21875	0	0	0	0	0
157	2016-05-16 20:43:45.68	2016-05-16 20:43:57.67	5	1	0	0	0	12	0.403	1.3125	0	0	0	0	0
158	2016-05-16 20:44:09.64	2016-05-16 20:44:20.12	5	1	0	0	0	10	0.178	0.890625	0	0	0	0	0
159	2016-05-16 20:45:49.09	2016-05-16 20:45:54.95	5	1	0	0	0	11	0.289	1.046875	0	0	0	0	0
159	2016-05-16 20:45:54.98	2016-05-16 20:45:55.01	5	1	0	1	0	0	0	0	0	0	0	0	0
159	2016-05-16 20:46:01.54	2016-05-16 20:46:01.89	5	1	0	1	0	0	0	0	0	0	0	0	0
160	2016-05-16 20:46:08.31	2016-05-16 20:46:08.35	5	1	0	0	0	0	0	0	0	0	0	0	0
160	2016-05-16 20:46:08.40	2016-05-16 20:46:13.51	5	1	0	0	0	8	0.119	0.671875	0	0	0	0	0
160	2016-05-16 20:46:13.57	2016-05-16 20:46:14.12	5	1	0	1	0	0	0	0	0	0	0	0	0
160	2016-05-16 20:46:14.25	2016-05-16 20:46:14.25	5	1	0	1	0	0	0	0	0	0	0	0	0
160	2016-05-16 20:46:14.35	2016-05-16 20:46:14.45	5	1	0	1	0	0	0	0	0	0	0	0	0
160	2016-05-16 20:46:14.70	2016-05-16 20:46:15.79	5	1	0	1	0	0	0	0	0	0	0	0	0
161	2016-05-16 20:46:23.93	2016-05-16 20:46:24.01	5	1	0	1	0	0	0	0	0	0	0	0	0
162	2016-05-16 20:47:45.48	2016-05-16 20:47:52.14	5	1	0	0	0	12	0.303	1.078125	0	0	0	0	0
163	2016-05-16 20:47:59.01	2016-05-16 20:48:13.31	5	1	0	0	0	13	0.292	1.21875	0	0	0	0	0
164	2016-05-16 20:48:19.70	2016-05-16 20:48:31.29	5	1	0	0	0	13	0.376	1.203125	0	0	0	0	0
165	2016-05-16 20:48:38.06	2016-05-16 20:48:48.93	5	1	0	0	0	13	0.317	1.15625	0	0	0	0	0
166	2016-05-16 20:48:56.64	2016-05-16 20:49:10.96	5	1	0	0	0	15	0.401	1.421875	0	0	0	0	0
167	2016-05-16 20:49:17.03	2016-05-16 20:49:28.21	5	1	0	0	0	17	0.39	1.546875	0	0	0	0	0
168	2016-05-16 20:49:34.07	2016-05-16 20:49:48.68	5	1	0	0	0	11	0.233	1.015625	0	0	0	0	0
169	2016-05-16 20:49:55.67	2016-05-16 20:50:04.31	5	1	0	0	0	9	0.343	0.921875	0	0	0	0	0
170	2016-05-16 20:50:08.51	2016-05-16 20:50:15.92	5	1	0	0	0	3	0.157	0.390625	0	0	0	0	0
171	2016-05-16 20:50:21.12	2016-05-16 20:50:28.81	5	1	0	0	0	2	0.156	0.296875	0	0	0	0	0
172	2016-05-16 20:50:35.21	2016-05-16 20:50:53.12	5	1	0	0	0	6	0.202	0.65625	0	0	0	0	0
173	2016-05-16 20:51:11.51	2016-05-16 20:51:35.75	5	1	0	0	0	11	0.276	1.046875	0	0	0	0	0
174	2016-05-16 20:51:49.04	2016-05-16 20:52:17.79	5	1	0	0	0	7	0.175	0.703125	0	0	0	0	0
175	2016-05-16 20:52:31.06	2016-05-16 20:52:54.23	5	1	0	0	0	7	0.146	0.625	0	0	0	0	0
176	2016-05-16 20:53:11.67	2016-05-16 20:53:19.51	5	1	0	0	0	5	0.089	0.453125	0	0	0	0	0
177	2016-05-16 20:53:26.25	2016-05-16 20:53:33.28	5	1	0	0	0	10	0.346	1.109375	0	0	0	0	0
178	2016-05-16 20:53:50.62	2016-05-16 20:53:50.65	5	1	0	0	0	0	0	0	0	0	0	0	0
178	2016-05-16 20:53:50.76	2016-05-16 20:53:57.56	5	1	0	0	0	13	0.332	1.15625	0	0	0	0	0
178	2016-05-16 20:53:57.62	2016-05-16 20:53:57.68	5	1	0	1	0	0	0	0	0	0	0	0	0
179	2016-05-16 20:54:09.92	2016-05-16 20:54:16.92	5	1	0	0	0	16	0.627	1.65625	0	0	0	0	0
180	2016-05-16 20:54:24.21	2016-05-16 20:54:28.34	5	1	0	0	0	8	0.274	0.9375	0	0	0	0	0
180	2016-05-16 20:54:28.39	2016-05-16 20:54:28.46	5	1	0	1	0	0	0	0	0	0	0	0	0
180	2016-05-16 20:54:28.53	2016-05-16 20:54:29.09	5	1	0	1	0	0	0	0	0	0	0	0	0
180	2016-05-16 20:54:31.42	2016-05-16 20:54:31.57	5	1	0	1	0	0	0	0	0	0	0	0	0
180	2016-05-16 20:54:32.93	2016-05-16 20:54:33.15	5	1	0	1	0	0	0	0	0	0	0	0	0
180	2016-05-16 20:54:33.51	2016-05-16 20:54:33.93	5	1	0	1	0	0	0	0	0	0	0	0	0
180	2016-05-16 20:54:34.03	2016-05-16 20:54:34.06	5	1	0	1	0	0	0	0	0	0	0	0	0
180	2016-05-16 20:54:34.28	2016-05-16 20:54:34.50	5	1	0	1	0	0	0	0	0	0	0	0	0
180	2016-05-16 20:54:34.53	2016-05-16 20:54:37.12	5	1	0	1	0	0	0	0	0	0	0	0	0
181	2016-05-16 20:54:52.01	2016-05-16 20:55:01.87	5	1	0	0	0	10	0.302	0.96875	0	0	0	0	0
181	2016-05-16 20:55:01.89	2016-05-16 20:55:02.26	5	1	0	1	0	0	0	0	0	0	0	0	0
181	2016-05-16 20:55:02.34	2016-05-16 20:55:02.40	5	1	0	1	0	0	0	0	0	0	0	0	0
181	2016-05-16 20:55:02.46	2016-05-16 20:55:02.93	5	1	0	1	0	0	0	0	0	0	0	0	0
181	2016-05-16 20:55:03.00	2016-05-16 20:55:03.64	5	1	0	1	0	0	0	0	0	0	0	0	0
181	2016-05-16 20:55:03.70	2016-05-16 20:55:03.78	5	1	0	1	0	0	0	0	0	0	0	0	0
182	2016-05-16 20:55:10.39	2016-05-16 20:55:15.17	5	1	0	0	0	12	0.413	1.28125	0	0	0	0	0
182	2016-05-16 20:55:15.23	2016-05-16 20:55:15.40	5	1	0	1	0	0	0	0	0	0	0	0	0
182	2016-05-16 20:55:15.43	2016-05-16 20:55:15.79	5	1	0	1	0	0	0	0	0	0	0	0	0
182	2016-05-16 20:55:16.29	2016-05-16 20:55:16.43	5	1	0	1	0	0	0	0	0	0	0	0	0
182	2016-05-16 20:55:18.79	2016-05-16 20:55:18.96	5	1	0	1	0	0	0	0	0	0	0	0	0
182	2016-05-16 20:55:19.71	2016-05-16 20:55:20.39	5	1	0	1	0	0	0	0	0	0	0	0	0
182	2016-05-16 20:55:20.68	2016-05-16 20:55:21.95	5	1	0	1	0	0	0	0	0	0	0	0	0
183	2016-05-16 20:55:35.26	2016-05-16 20:55:40.46	5	1	0	0	0	9	0.247	0.84375	0	0	0	0	0
183	2016-05-16 20:55:40.54	2016-05-16 20:55:40.59	5	1	0	1	0	0	0	0	0	0	0	0	0
183	2016-05-16 20:55:40.68	2016-05-16 20:55:41.37	5	1	0	1	0	0	0	0	0	0	0	0	0
183	2016-05-16 20:55:41.46	2016-05-16 20:55:41.64	5	1	0	1	0	0	0	0	0	0	0	0	0
183	2016-05-16 20:55:42.00	2016-05-16 20:55:42.57	5	1	0	1	0	0	0	0	0	0	0	0	0
183	2016-05-16 20:55:42.67	2016-05-16 20:55:42.90	5	1	0	1	0	0	0	0	0	0	0	0	0
183	2016-05-16 20:55:42.93	2016-05-16 20:55:42.98	5	1	0	1	0	0	0	0	0	0	0	0	0
183	2016-05-16 20:55:43.20	2016-05-16 20:55:43.60	5	1	0	1	0	0	0	0	0	0	0	0	0
183	2016-05-16 20:55:44.10	2016-05-16 20:55:44.93	5	1	0	1	0	0	0	0	0	0	0	0	0
183	2016-05-16 20:55:44.96	2016-05-16 20:55:45.20	5	1	0	1	0	0	0	0	0	0	0	0	0
183	2016-05-16 20:55:46.23	2016-05-16 20:55:46.32	5	1	0	1	0	0	0	0	0	0	0	0	0
183	2016-05-16 20:55:46.60	2016-05-16 20:55:46.67	5	1	0	1	0	0	0	0	0	0	0	0	0
184	2016-05-16 20:55:58.90	2016-05-16 20:56:05.93	5	1	0	0	0	11	0.263	1.03125	0	0	0	0	0
184	2016-05-16 20:56:06.03	2016-05-16 20:56:06.06	5	1	0	1	0	0	0	0	0	0	0	0	0
184	2016-05-16 20:56:06.17	2016-05-16 20:56:06.21	5	1	0	1	0	0	0	0	0	0	0	0	0
184	2016-05-16 20:56:06.28	2016-05-16 20:56:06.70	5	1	0	1	0	0	0	0	0	0	0	0	0
184	2016-05-16 20:56:06.76	2016-05-16 20:56:06.81	5	1	0	1	0	0	0	0	0	0	0	0	0
184	2016-05-16 20:56:07.32	2016-05-16 20:56:07.62	5	1	0	1	0	0	0	0	0	0	0	0	0
184	2016-05-16 20:56:07.84	2016-05-16 20:56:07.89	5	1	0	1	0	0	0	0	0	0	0	0	0
184	2016-05-16 20:56:07.96	2016-05-16 20:56:08.12	5	1	0	1	0	0	0	0	0	0	0	0	0
184	2016-05-16 20:56:08.15	2016-05-16 20:56:08.25	5	1	0	1	0	0	0	0	0	0	0	0	0
184	2016-05-16 20:56:08.37	2016-05-16 20:56:08.39	5	1	0	1	0	0	0	0	0	0	0	0	0
184	2016-05-16 20:56:08.93	2016-05-16 20:56:11.54	5	1	0	1	0	0	0	0	0	0	0	0	0
185	2016-05-16 20:56:20.92	2016-05-16 20:56:27.10	5	1	0	0	0	14	0.473	1.46875	0	0	0	0	0
185	2016-05-16 20:56:27.17	2016-05-16 20:56:27.51	5	1	0	1	0	0	0	0	0	0	0	0	0
185	2016-05-16 20:56:27.59	2016-05-16 20:56:27.65	5	1	0	1	0	0	0	0	0	0	0	0	0
185	2016-05-16 20:56:27.73	2016-05-16 20:56:27.90	5	1	0	1	0	0	0	0	0	0	0	0	0
185	2016-05-16 20:56:27.98	2016-05-16 20:56:28.56	5	1	0	1	0	0	0	0	0	0	0	0	0
185	2016-05-16 20:56:28.78	2016-05-16 20:56:29.23	5	1	0	1	0	0	0	0	0	0	0	0	0
185	2016-05-16 20:56:29.32	2016-05-16 20:56:29.37	5	1	0	1	0	0	0	0	0	0	0	0	0
185	2016-05-16 20:56:29.45	2016-05-16 20:56:29.51	5	1	0	1	0	0	0	0	0	0	0	0	0
185	2016-05-16 20:56:29.89	2016-05-16 20:56:29.92	5	1	0	1	0	0	0	0	0	0	0	0	0
185	2016-05-16 20:56:30.03	2016-05-16 20:56:30.18	5	1	0	1	0	0	0	0	0	0	0	0	0
185	2016-05-16 20:56:30.21	2016-05-16 20:56:30.57	5	1	0	1	0	0	0	0	0	0	0	0	0
186	2016-05-16 20:56:37.95	2016-05-16 20:56:43.73	5	1	0	0	0	7	0.202	0.640625	0	0	0	0	0
186	2016-05-16 20:56:43.78	2016-05-16 20:56:45.40	5	1	0	1	0	0	0	0	0	0	0	0	0
186	2016-05-16 20:56:45.50	2016-05-16 20:56:45.67	5	1	0	1	0	0	0	0	0	0	0	0	0
186	2016-05-16 20:56:45.90	2016-05-16 20:56:45.95	5	1	0	1	0	0	0	0	0	0	0	0	0
186	2016-05-16 20:56:46.01	2016-05-16 20:56:46.17	5	1	0	1	0	0	0	0	0	0	0	0	0
186	2016-05-16 20:56:46.98	2016-05-16 20:56:47.01	5	1	0	1	0	0	0	0	0	0	0	0	0
186	2016-05-16 20:56:47.53	2016-05-16 20:56:47.54	5	1	0	1	0	0	0	0	0	0	0	0	0
186	2016-05-16 20:56:47.89	2016-05-16 20:56:47.93	5	1	0	1	0	0	0	0	0	0	0	0	0
186	2016-05-16 20:56:48.82	2016-05-16 20:56:48.87	5	1	0	1	0	0	0	0	0	0	0	0	0
186	2016-05-16 20:56:48.95	2016-05-16 20:56:49.12	5	1	0	1	0	0	0	0	0	0	0	0	0
186	2016-05-16 20:56:49.15	2016-05-16 20:56:49.25	5	1	0	1	0	0	0	0	0	0	0	0	0
186	2016-05-16 20:56:49.29	2016-05-16 20:56:49.75	5	1	0	1	0	0	0	0	0	0	0	0	0
186	2016-05-16 20:56:50.20	2016-05-16 20:56:50.39	5	1	0	1	0	0	0	0	0	0	0	0	0
187	2016-05-16 20:57:06.17	2016-05-16 20:57:13.26	5	1	0	0	0	15	0.346	1.265625	0	0	0	0	0
187	2016-05-16 20:57:13.32	2016-05-16 20:57:13.76	5	1	0	1	0	0	0	0	0	0	0	0	0
187	2016-05-16 20:57:13.84	2016-05-16 20:57:14.03	5	1	0	1	0	0	0	0	0	0	0	0	0
187	2016-05-16 20:57:14.10	2016-05-16 20:57:14.84	5	1	0	1	0	0	0	0	0	0	0	0	0
188	2016-05-16 20:57:21.54	2016-05-16 20:57:27.10	5	1	0	0	0	15	0.46	1.484375	0	0	0	0	0
188	2016-05-16 20:57:27.18	2016-05-16 20:57:28.39	5	1	0	1	0	0	0	0	0	0	0	0	0
188	2016-05-16 20:57:28.40	2016-05-16 20:57:29.70	5	1	0	1	0	0	0	0	0	0	0	0	0
188	2016-05-16 20:57:29.73	2016-05-16 20:57:29.82	5	1	0	1	0	0	0	0	0	0	0	0	0
188	2016-05-16 20:57:29.89	2016-05-16 20:57:30.03	5	1	0	1	0	0	0	0	0	0	0	0	0
188	2016-05-16 20:57:30.17	2016-05-16 20:57:30.35	5	1	0	1	0	0	0	0	0	0	0	0	0
188	2016-05-16 20:57:30.87	2016-05-16 20:57:31.21	5	1	0	1	0	0	0	0	0	0	0	0	0
188	2016-05-16 20:57:31.37	2016-05-16 20:57:31.53	5	1	0	1	0	0	0	0	0	0	0	0	0
188	2016-05-16 20:57:32.18	2016-05-16 20:57:32.25	5	1	0	1	0	0	0	0	0	0	0	0	0
189	2016-05-16 20:57:39.15	2016-05-16 20:57:44.84	5	1	0	0	0	10	0.302	1	0	0	0	0	0
189	2016-05-16 20:57:45.14	2016-05-16 20:57:45.17	5	1	0	1	0	0	0	0	0	0	0	0	0
189	2016-05-16 20:57:45.50	2016-05-16 20:57:45.54	5	1	0	1	0	0	0	0	0	0	0	0	0
189	2016-05-16 20:57:45.62	2016-05-16 20:57:45.78	5	1	0	1	0	0	0	0	0	0	0	0	0
189	2016-05-16 20:57:46.82	2016-05-16 20:57:46.89	5	1	0	1	0	0	0	0	0	0	0	0	0
189	2016-05-16 20:57:47.15	2016-05-16 20:57:47.17	5	1	0	1	0	0	0	0	0	0	0	0	0
189	2016-05-16 20:57:47.20	2016-05-16 20:57:47.25	5	1	0	1	0	0	0	0	0	0	0	0	0
189	2016-05-16 20:57:47.48	2016-05-16 20:57:47.68	5	1	0	1	0	0	0	0	0	0	0	0	0
189	2016-05-16 20:57:47.79	2016-05-16 20:57:47.87	5	1	0	1	0	0	0	0	0	0	0	0	0
190	2016-05-16 21:01:51.54	2016-05-16 21:01:59.26	5	1	0	0	0	12	0.247	0.96875	0	0	0	0	0
191	2016-05-16 21:03:53.92	2016-05-16 21:04:03.53	5	1	0	0	0	15	0.363	1.375	0	0	0	0	0
192	2016-05-16 21:04:09.79	2016-05-16 21:04:21.46	5	1	0	0	0	12	0.372	1.0625	0	0	0	0	0
193	2016-05-16 21:04:27.21	2016-05-16 21:04:40.51	5	1	0	0	0	14	0.414	1.234375	0	0	0	0	0
194	2016-05-16 21:04:47.10	2016-05-16 21:04:57.89	5	1	0	0	0	15	0.432	1.4375	0	0	0	0	0
195	2016-05-16 21:05:04.01	2016-05-16 21:05:15.67	5	1	0	0	0	10	0.316	0.9375	0	0	0	0	0
196	2016-05-16 21:05:24.23	2016-05-16 21:05:37.01	5	1	0	0	0	10	0.302	1	0	0	0	0	0
197	2016-05-16 21:06:13.01	2016-05-16 21:06:20.76	5	1	0	0	0	17	0.516	1.59375	0	0	0	0	0
198	2016-05-16 21:08:20.26	2016-05-16 21:08:20.81	5	1	0	1	0	0	0	0	0	0	0	0	0
199	2016-05-16 21:11:13.09	2016-05-16 21:11:25.23	5	1	0	0	0	21	0.506	1.828125	0	0	0	0	0
200	2016-05-16 21:11:57.73	2016-05-16 21:12:03.48	5	1	0	0	0	6	0.132	0.59375	0	0	0	0	0
201	2016-05-16 21:12:11.04	2016-05-16 21:12:17.64	5	1	0	0	0	9	0.246	0.859375	0	0	0	0	0
202	2016-05-16 21:12:28.76	2016-05-16 21:12:36.14	5	1	0	0	0	13	0.319	1.203125	0	0	0	0	0
203	2016-05-16 21:12:45.40	2016-05-16 21:12:52.53	5	1	0	0	0	7	0.161	0.65625	0	0	0	0	0
204	2016-05-16 21:13:01.90	2016-05-16 21:13:09.57	5	1	0	0	0	8	0.271	0.8125	0	0	0	0	0
205	2016-05-16 21:13:16.37	2016-05-16 21:13:25.45	5	1	0	0	0	8	0.203	0.734375	0	0	0	0	0
206	2016-05-16 21:13:32.54	2016-05-16 21:13:41.54	5	1	0	0	0	7	0.132	0.625	0	0	0	0	0
207	2016-05-16 21:13:50.98	2016-05-16 21:13:58.00	5	1	0	0	0	9	0.189	0.828125	0	0	0	0	0
208	2016-05-16 21:14:37.23	2016-05-16 21:14:37.62	5	1	0	1	0	0	0	0	0	0	0	0	0
209	2016-05-16 21:15:22.28	2016-05-16 21:15:33.26	5	1	0	0	0	17	0.475	1.484375	0	0	0	0	0
210	2016-05-16 21:15:41.45	2016-05-16 21:16:00.32	5	1	0	0	0	9	0.26	0.890625	0	0	0	0	0
210	2016-05-16 21:16:02.87	2016-05-16 21:16:02.89	5	1	0	1	0	0	0	0	0	0	0	0	0
211	2016-05-16 21:16:07.70	2016-05-16 21:16:24.48	5	1	0	0	0	15	0.403	1.375	0	0	0	0	0
212	2016-05-16 21:16:32.51	2016-05-16 21:16:46.12	5	1	0	0	0	19	0.504	1.421875	0	0	0	0	0
213	2016-05-16 21:16:51.75	2016-05-16 21:17:05.81	5	1	0	0	0	11	0.233	0.984375	0	0	0	0	0
214	2016-05-16 21:17:12.73	2016-05-16 21:17:28.29	5	1	0	0	0	18	0.546	1.859375	0	0	0	0	0
215	2016-05-16 21:17:36.70	2016-05-16 21:17:49.32	5	1	0	0	0	8	0.385	0.9375	0	0	0	0	0
216	2016-05-16 21:17:55.82	2016-05-16 21:18:11.53	5	1	0	0	0	10	0.289	0.9375	0	0	0	0	0
217	2016-05-16 21:20:01.54	2016-05-16 21:20:09.50	5	1	0	0	0	16	0.501	1.53125	0	0	0	0	0
218	2016-05-16 21:20:31.20	2016-05-16 21:20:40.17	5	1	0	0	0	16	0.457	1.484375	0	0	0	0	0
219	2016-05-16 21:20:48.42	2016-05-16 21:21:02.67	5	1	0	0	0	11	0.332	1.15625	0	0	0	0	0
220	2016-05-16 21:21:10.67	2016-05-16 21:21:10.81	5	1	0	0	0	0	0	0	0	0	0	0	0
220	2016-05-16 21:21:10.89	2016-05-16 21:21:21.90	5	1	0	0	0	12	0.388	1.21875	0	0	0	0	0
221	2016-05-16 21:23:49.82	2016-05-16 21:23:59.10	5	1	0	0	0	15	0.378	1.46875	0	0	0	0	0
222	2016-05-16 21:24:07.40	2016-05-16 21:24:20.73	5	1	0	0	0	15	0.459	1.375	0	0	0	0	0
223	2016-05-16 21:24:31.03	2016-05-16 21:24:41.56	5	1	0	0	0	15	0.431	1.25	0	0	0	0	0
224	2016-05-16 21:24:56.04	2016-05-16 21:25:07.54	5	1	0	0	0	15	0.333	1.453125	0	0	0	0	0
225	2016-05-16 21:25:58.81	2016-05-16 21:26:05.50	5	1	0	0	0	14	0.305	1.21875	0	0	0	0	0
226	2016-05-16 21:26:09.89	2016-05-16 21:26:10.14	5	1	0	1	0	0	0	0	0	0	0	0	0
227	2016-05-16 21:26:24.09	2016-05-16 21:26:31.73	5	1	0	0	0	5	0.173	0.5625	0	0	0	0	0
227	2016-05-16 21:26:36.62	2016-05-16 21:26:36.79	5	1	0	1	0	0	0	0	0	0	0	0	0
228	2016-05-16 21:27:12.57	2016-05-16 21:27:28.21	5	1	0	0	0	14	0.417	1.328125	0	0	0	0	0
229	2016-05-16 21:27:43.98	2016-05-16 21:27:49.06	5	1	0	0	0	9	0.191	0.828125	0	0	0	0	0
230	2016-05-16 21:28:05.98	2016-05-16 21:28:11.62	5	1	0	0	0	10	0.233	0.984375	0	0	0	0	0
231	2016-05-16 21:28:20.70	2016-05-16 21:28:27.57	5	1	0	0	0	10	0.289	1.03125	0	0	0	0	0
232	2016-05-16 21:29:19.89	2016-05-16 21:29:19.90	5	1	0	1	0	0	0	0	0	0	0	0	0
232	2016-05-16 21:29:22.40	2016-05-16 21:29:22.65	5	1	0	1	0	0	0	0	0	0	0	0	0
232	2016-05-16 21:29:23.54	2016-05-16 21:29:23.85	5	1	0	1	0	0	0	0	0	0	0	0	0
233	2016-05-16 21:30:09.59	2016-05-16 21:30:14.87	5	1	0	0	0	6	0.146	0.59375	0	0	0	0	0
234	2016-05-16 21:30:19.78	2016-05-16 21:30:26.67	5	1	0	0	0	3	0.101	0.3125	0	0	0	0	0
235	2016-05-16 21:30:36.23	2016-05-16 21:30:42.92	5	1	0	0	0	10	0.219	0.984375	0	0	0	0	0
236	2016-05-16 21:35:43.43	2016-05-16 21:35:43.84	5	1	0	1	0	0	0	0	0	0	0	0	0
237	2016-05-16 21:37:17.60	2016-05-16 21:37:22.76	5	1	0	0	0	14	0.319	1.21875	0	0	0	0	0
238	2016-05-16 21:37:28.82	2016-05-16 21:37:38.85	5	1	0	0	0	14	0.359	1.328125	0	0	0	0	0
239	2016-05-16 21:37:51.89	2016-05-16 21:37:51.96	5	1	0	1	0	0	0	0	0	0	0	0	0
239	2016-05-16 21:37:53.56	2016-05-16 21:37:53.84	5	1	0	1	0	0	0	0	0	0	0	0	0
240	2016-05-16 21:40:35.82	2016-05-16 21:40:44.60	5	1	0	0	0	15	0.417	1.421875	0	0	0	0	0
241	2016-05-16 21:40:54.20	2016-05-16 21:40:55.00	5	1	0	1	0	0	0	0	0	0	0	0	0
243	2016-05-16 21:41:14.60	2016-05-16 21:41:24.29	5	1	0	0	0	12	0.276	1.09375	0	0	0	0	0
244	2016-05-16 21:41:30.06	2016-05-16 21:41:41.18	5	1	0	0	0	9	0.328	0.9375	0	0	0	0	0
245	2016-05-16 21:41:48.00	2016-05-16 21:42:05.59	5	1	0	0	0	12	0.387	1.21875	0	0	0	0	0
246	2016-05-16 21:42:12.40	2016-05-16 21:42:26.60	5	1	0	0	0	11	0.221	0.953125	0	0	0	0	0
247	2016-05-16 21:42:33.10	2016-05-16 21:42:48.39	5	1	0	0	0	17	0.377	1.515625	0	0	0	0	0
248	2016-05-16 21:42:56.85	2016-05-16 21:43:09.20	5	1	0	0	0	10	0.33	1.046875	0	0	0	0	0
249	2016-05-16 21:46:33.17	2016-05-16 21:46:43.17	5	1	0	0	0	10	0.206	1	0	0	0	0	0
250	2016-05-16 21:47:04.84	2016-05-16 21:47:15.31	5	1	0	0	0	13	0.375	1.234375	0	0	0	0	0
251	2016-05-16 21:47:20.87	2016-05-16 21:47:22.42	6	-1	1	0	0	0	0	0	0	0	0	0	0
252	2016-05-16 21:47:32.71	2016-05-16 21:47:54.75	5	1	0	0	0	7	0.188	0.6875	0	0	0	0	0
253	2016-05-16 21:48:09.79	2016-05-16 21:48:34.20	5	1	0	0	0	13	0.278	1.1875	0	0	0	0	0
254	2016-05-16 21:48:40.31	2016-05-16 21:48:52.37	5	1	0	0	0	8	0.217	0.765625	0	0	0	0	0
255	2016-05-16 21:48:58.21	2016-05-16 21:49:04.76	5	1	0	0	0	14	0.64	1.578125	0	0	0	0	0
256	2016-05-16 21:49:14.25	2016-05-16 21:49:21.81	5	1	0	0	0	6	0.146	0.59375	0	0	0	0	0
257	2016-05-16 21:49:30.00	2016-05-16 21:49:37.70	5	1	0	0	0	6	0.229	0.625	0	0	0	0	0
257	2016-05-16 21:49:37.78	2016-05-16 21:49:39.53	5	1	0	1	0	0	0	0	0	0	0	0	0
257	2016-05-16 21:49:39.64	2016-05-16 21:49:40.06	5	1	0	1	0	0	0	0	0	0	0	0	0
258	2016-05-16 21:49:48.29	2016-05-16 21:50:00.54	5	1	0	0	0	6	0.104	0.515625	0	0	0	0	0
258	2016-05-16 21:50:00.78	2016-05-16 21:50:02.35	5	1	0	1	0	0	0	0	0	0	0	0	0
259	2016-05-16 21:50:12.17	2016-05-16 21:50:20.37	5	1	0	0	0	2	0.03	0.171875	0	0	0	0	0
259	2016-05-16 21:50:20.62	2016-05-16 21:50:20.78	5	1	0	1	0	0	0	0	0	0	0	0	0
259	2016-05-16 21:50:21.73	2016-05-16 21:50:21.82	5	1	0	1	0	0	0	0	0	0	0	0	0
259	2016-05-16 21:50:22.00	2016-05-16 21:50:22.70	5	1	0	1	0	0	0	0	0	0	0	0	0
259	2016-05-16 21:50:22.81	2016-05-16 21:50:22.85	5	1	0	1	0	0	0	0	0	0	0	0	0
259	2016-05-16 21:50:23.09	2016-05-16 21:50:23.17	5	1	0	1	0	0	0	0	0	0	0	0	0
260	2016-05-16 21:50:30.43	2016-05-16 21:50:41.93	5	1	0	0	0	13	0.459	1.34375	0	0	0	0	0
260	2016-05-16 21:50:41.95	2016-05-16 21:50:42.93	5	1	0	1	0	0	0	0	0	0	0	0	0
260	2016-05-16 21:50:43.03	2016-05-16 21:50:43.35	5	1	0	1	0	0	0	0	0	0	0	0	0
261	2016-05-16 21:50:51.50	2016-05-16 21:51:01.06	5	1	0	0	0	11	0.317	1.0625	0	0	0	0	0
261	2016-05-16 21:51:01.31	2016-05-16 21:51:01.35	5	1	0	1	0	0	0	0	0	0	0	0	0
261	2016-05-16 21:51:01.40	2016-05-16 21:51:01.60	5	1	0	1	0	0	0	0	0	0	0	0	0
261	2016-05-16 21:51:01.82	2016-05-16 21:51:01.92	5	1	0	1	0	0	0	0	0	0	0	0	0
262	2016-05-16 21:51:10.12	2016-05-16 21:51:17.29	5	1	0	0	0	11	0.5	1.265625	0	0	0	0	0
262	2016-05-16 21:51:17.32	2016-05-16 21:51:17.96	5	1	0	1	0	0	0	0	0	0	0	0	0
262	2016-05-16 21:51:18.04	2016-05-16 21:51:18.50	5	1	0	1	0	0	0	0	0	0	0	0	0
263	2016-05-16 21:51:25.09	2016-05-16 21:51:31.96	5	1	0	0	0	15	0.502	1.59375	0	0	0	0	0
264	2016-05-16 21:51:40.43	2016-05-16 21:51:46.06	5	1	0	0	0	20	0.643	1.9375	0	0	0	0	0
265	2016-05-16 21:52:30.60	2016-05-16 21:52:36.32	5	1	0	0	0	7	0.174	0.625	0	0	0	0	0
266	2016-05-16 22:14:41.68	2016-05-16 22:14:42.21	5	1	0	1	0	0	0	0	0	0	0	0	0
267	2016-05-16 22:14:47.23	2016-05-16 22:14:58.95	5	1	0	0	0	18	0.436	1.765625	0	0	0	0	0
268	2016-05-16 22:17:38.56	2016-05-16 22:17:45.84	5	1	0	0	0	12	0.263	1.109375	0	0	0	0	0
269	2016-05-16 22:18:23.10	2016-05-16 22:18:30.54	5	1	0	0	0	8	0.244	0.8125	0	0	0	0	0
270	2016-05-16 22:18:36.21	2016-05-16 22:18:37.07	5	1	0	1	0	0	0	0	0	0	0	0	0
271	2016-05-16 22:18:46.12	2016-05-16 22:18:46.17	5	1	0	0	0	0	0	0	0	0	0	0	0
271	2016-05-16 22:18:46.20	2016-05-16 22:18:57.28	5	1	0	0	0	23	0.529	1.546875	0	0	0	0	0
272	2016-05-16 22:19:04.10	2016-05-16 22:19:11.25	5	1	0	0	0	13	0.291	1.1875	0	0	0	0	0
273	2016-05-16 22:19:21.31	2016-05-16 22:19:29.62	5	1	0	0	0	11	0.234	0.984375	0	0	0	0	0
274	2016-05-16 22:19:37.65	2016-05-16 22:19:47.34	5	1	0	0	0	10	0.219	0.96875	0	0	0	0	0
275	2016-05-16 22:19:54.95	2016-05-16 22:20:00.34	5	1	0	0	0	6	0.216	0.640625	0	0	0	0	0
276	2016-05-16 22:20:04.98	2016-05-16 22:20:12.79	5	1	0	0	0	13	0.359	1.125	0	0	0	0	0
277	2016-05-16 22:22:16.35	2016-05-16 22:22:21.43	5	1	0	0	0	9	0.176	0.71875	0	0	0	0	0
278	2016-05-16 22:22:25.50	2016-05-16 22:22:33.95	5	1	0	0	0	11	0.319	1.078125	0	0	0	0	0
278	2016-05-16 22:22:40.53	2016-05-16 22:22:40.84	5	1	0	1	0	0	0	0	0	0	0	0	0
279	2016-05-16 22:24:15.20	2016-05-16 22:24:30.68	5	1	0	0	0	14	0.36	1.15625	0	0	0	0	0
279	2016-05-16 22:24:30.71	2016-05-16 22:24:30.79	5	1	0	1	0	0	0	0	0	0	0	0	0
279	2016-05-16 22:24:30.87	2016-05-16 22:24:31.46	5	1	0	1	0	0	0	0	0	0	0	0	0
279	2016-05-16 22:24:31.50	2016-05-16 22:24:31.60	5	1	0	1	0	0	0	0	0	0	0	0	0
280	2016-05-16 22:24:38.10	2016-05-16 22:24:53.20	5	1	0	0	0	17	0.587	1.75	0	0	0	0	0
281	2016-05-16 22:25:00.50	2016-05-16 22:25:00.68	5	1	0	1	0	0	0	0	0	0	0	0	0
282	2016-05-16 22:25:27.59	2016-05-16 22:25:32.93	5	1	0	0	0	12	0.221	0.984375	0	0	0	0	0
282	2016-05-16 22:25:32.95	2016-05-16 22:25:33.04	5	1	0	1	0	0	0	0	0	0	0	0	0
283	2016-05-16 22:25:37.50	2016-05-16 22:25:44.37	5	1	0	0	0	14	0.334	1.390625	0	0	0	0	0
284	2016-05-16 22:25:53.39	2016-05-16 22:26:00.93	5	1	0	0	0	13	0.277	1.203125	0	0	0	0	0
284	2016-05-16 22:26:07.29	2016-05-16 22:26:07.32	5	1	0	1	0	0	0	0	0	0	0	0	0
285	2016-05-16 22:28:47.95	2016-05-16 22:28:52.96	5	1	0	0	0	13	0.29	1.09375	0	0	0	0	0
286	2016-05-16 22:29:52.87	2016-05-16 22:29:53.18	5	1	0	1	0	0	0	0	0	0	0	0	0
288	2016-05-16 22:30:05.43	2016-05-16 22:30:10.98	5	1	0	0	0	8	0.243	0.71875	0	0	0	0	0
289	2016-05-16 22:30:20.50	2016-05-16 22:30:27.15	5	1	0	0	0	10	0.274	0.890625	0	0	0	0	0
290	2016-05-16 22:30:32.10	2016-05-16 22:30:38.20	5	1	0	0	0	20	0.453	1.890625	0	0	0	0	0
291	2016-05-16 22:30:43.21	2016-05-16 22:30:43.64	5	1	0	1	0	0	0	0	0	0	0	0	0
292	2016-05-16 22:30:49.48	2016-05-16 22:30:58.64	5	1	0	0	0	7	0.174	0.703125	0	0	0	0	0
294	2016-05-16 22:33:00.64	2016-05-16 22:33:22.54	5	1	0	0	0	13	0.36	1.171875	0	0	0	0	0
294	2016-05-16 22:33:22.67	2016-05-16 22:33:26.10	5	1	0	1	0	0	0	0	0	0	0	0	0
294	2016-05-16 22:33:26.18	2016-05-16 22:33:26.75	5	1	0	1	0	0	0	0	0	0	0	0	0
294	2016-05-16 22:33:26.81	2016-05-16 22:33:26.89	5	1	0	1	0	0	0	0	0	0	0	0	0
294	2016-05-16 22:33:26.93	2016-05-16 22:33:27.28	5	1	0	1	0	0	0	0	0	0	0	0	0
294	2016-05-16 22:33:27.32	2016-05-16 22:33:27.40	5	1	0	1	0	0	0	0	0	0	0	0	0
294	2016-05-16 22:33:27.46	2016-05-16 22:33:27.53	5	1	0	1	0	0	0	0	0	0	0	0	0
294	2016-05-16 22:33:27.57	2016-05-16 22:33:29.31	5	1	0	1	0	0	0	0	0	0	0	0	0
294	2016-05-16 22:33:29.35	2016-05-16 22:33:29.42	5	1	0	1	0	0	0	0	0	0	0	0	0
294	2016-05-16 22:33:29.48	2016-05-16 22:33:31.53	5	1	0	1	0	0	0	0	0	0	0	0	0
295	2016-05-16 22:33:41.31	2016-05-16 22:33:51.43	5	1	0	0	0	19	0.521	1.921875	0	0	0	0	0
296	2016-05-16 22:33:57.39	2016-05-16 22:34:03.37	5	1	0	0	0	16	0.407	1.53125	0	0	0	0	0
297	2016-05-16 22:34:07.43	2016-05-16 22:34:15.76	5	1	0	0	0	16	0.366	1.53125	0	0	0	0	0
298	2016-05-16 22:34:20.90	2016-05-16 22:34:28.37	5	1	0	0	0	21	0.465	1.828125	0	0	0	0	0
299	2016-05-16 22:34:32.57	2016-05-16 22:34:40.64	5	1	0	0	0	9	0.177	0.828125	0	0	0	0	0
300	2016-05-16 22:34:47.98	2016-05-16 22:34:52.57	5	1	0	0	0	8	0.203	0.78125	0	0	0	0	0
301	2016-05-16 22:34:57.03	2016-05-16 22:35:05.56	5	1	0	0	0	16	0.433	1.53125	0	0	0	0	0
301	2016-05-16 22:35:05.57	2016-05-16 22:35:05.59	5	1	0	1	0	0	0	0	0	0	0	0	0
302	2016-05-16 22:35:11.76	2016-05-16 22:35:18.17	5	1	0	0	0	8	0.19	0.78125	0	0	0	0	0
303	2016-05-16 22:35:21.95	2016-05-16 22:35:22.54	5	1	0	1	0	0	0	0	0	0	0	0	0
304	2016-05-16 22:35:26.89	2016-05-16 22:35:38.90	5	1	0	0	0	19	0.597	1.78125	0	0	0	0	0
305	2016-05-16 22:35:51.23	2016-05-16 22:36:03.76	5	1	0	0	0	11	0.263	1.015625	0	0	0	0	0
306	2016-05-16 22:36:23.51	2016-05-16 22:36:38.12	5	1	0	0	0	19	0.668	1.78125	0	0	0	0	0
307	2016-05-16 22:36:43.34	2016-05-16 22:36:51.31	5	1	0	0	0	17	0.351	1.421875	0	0	0	0	0
308	2016-05-16 22:36:55.57	2016-05-16 22:37:07.15	5	1	0	0	0	12	0.456	1.140625	0	0	0	0	0
309	2016-05-16 22:37:17.17	2016-05-16 22:37:44.06	5	1	0	0	0	13	0.289	1.109375	0	0	0	0	0
310	2016-05-16 22:37:59.89	2016-05-16 22:38:00.34	5	1	0	1	0	0	0	0	0	0	0	0	0
311	2016-05-16 22:38:07.75	2016-05-16 22:38:17.26	5	1	0	0	0	13	0.334	1.328125	0	0	0	0	0
311	2016-05-16 22:38:28.28	2016-05-16 22:38:28.53	6	-1	1	0	0	0	0	0	0	0	0	0	0
312	2016-05-16 22:38:39.95	2016-05-16 22:38:55.53	5	1	0	0	0	13	0.305	1.28125	0	0	0	0	0
313	2016-05-16 22:39:15.96	2016-05-16 22:39:29.89	5	1	0	0	0	8	0.202	0.75	0	0	0	0	0
314	2016-05-16 22:39:36.07	2016-05-16 22:39:44.76	5	1	0	0	0	12	0.276	1.109375	0	0	0	0	0
315	2016-05-16 22:39:52.78	2016-05-16 22:40:01.28	5	1	0	0	0	12	0.248	1.109375	0	0	0	0	0
316	2016-05-16 22:40:07.67	2016-05-16 22:40:17.78	5	1	0	0	0	12	0.264	1.125	0	0	0	0	0
317	2016-05-16 22:40:22.65	2016-05-16 22:40:29.10	5	1	0	0	0	14	0.419	1.46875	0	0	0	0	0
318	2016-05-16 22:40:33.76	2016-05-16 22:40:41.89	5	1	0	0	0	14	0.279	1.265625	0	0	0	0	0
319	2016-05-16 22:40:48.26	2016-05-16 22:40:56.10	5	1	0	0	0	12	0.248	1.078125	0	0	0	0	0
320	2016-05-16 22:41:03.85	2016-05-16 22:41:11.95	5	1	0	0	0	17	0.43	1.515625	0	0	0	0	0
321	2016-05-16 22:41:20.10	2016-05-16 22:41:20.51	5	1	0	1	0	0	0	0	0	0	0	0	0
321	2016-05-16 22:41:20.62	2016-05-16 22:41:21.59	5	1	0	1	0	0	0	0	0	0	0	0	0
322	2016-05-16 22:41:28.31	2016-05-16 22:41:38.54	5	1	0	0	0	11	0.234	1.046875	0	0	0	0	0
323	2016-05-16 22:41:43.82	2016-05-16 22:41:53.07	5	1	0	0	0	17	0.448	1.640625	0	0	0	0	0
324	2016-05-16 22:42:09.07	2016-05-16 22:42:14.48	5	1	0	0	0	8	0.12	0.6875	0	0	0	0	0
325	2016-05-16 22:42:19.23	2016-05-16 22:42:25.00	5	1	0	0	0	12	0.305	1.15625	0	0	0	0	0
326	2016-05-16 22:42:31.95	2016-05-16 22:42:40.20	5	1	0	0	0	12	0.318	1.0625	0	0	0	0	0
326	2016-05-16 22:42:45.64	2016-05-16 22:42:45.89	5	1	0	1	0	0	0	0	0	0	0	0	0
326	2016-05-16 22:42:48.35	2016-05-16 22:42:49.17	5	1	0	1	0	0	0	0	0	0	0	0	0
326	2016-05-16 22:42:49.23	2016-05-16 22:42:50.12	5	1	0	1	0	0	0	0	0	0	0	0	0
327	2016-05-16 22:43:42.15	2016-05-16 22:43:47.50	5	1	0	0	0	4	0.144	0.453125	0	0	0	0	0
328	2016-05-16 22:43:57.26	2016-05-16 22:43:57.29	5	1	0	0	0	0	0	0	0	0	0	0	0
328	2016-05-16 22:43:57.31	2016-05-16 22:44:07.96	5	1	0	0	0	13	0.345	1.140625	0	0	0	0	0
329	2016-05-16 22:44:26.45	2016-05-16 22:44:33.07	5	1	0	0	0	18	0.712	1.828125	0	0	0	0	0
330	2016-05-16 22:44:37.68	2016-05-16 22:44:46.85	5	1	0	0	0	15	0.349	1.390625	0	0	0	0	0
331	2016-05-16 22:44:52.35	2016-05-16 22:44:57.68	5	1	0	0	0	9	0.302	0.984375	0	0	0	0	0
332	2016-05-16 22:45:03.00	2016-05-16 22:45:11.50	5	1	0	0	0	17	0.418	1.5	0	0	0	0	0
334	2016-05-16 22:45:21.14	2016-05-16 22:45:27.48	5	1	0	0	0	12	0.274	1.015625	0	0	0	0	0
335	2016-05-16 22:45:35.71	2016-05-16 22:45:42.76	5	1	0	0	0	13	0.445	1.28125	0	0	0	0	0
336	2016-05-16 22:45:50.26	2016-05-16 22:45:58.67	5	1	0	0	0	12	0.332	1.15625	0	0	0	0	0
337	2016-05-16 22:46:05.84	2016-05-16 22:46:15.65	5	1	0	0	0	12	0.334	1.15625	0	0	0	0	0
338	2016-05-16 22:46:23.31	2016-05-16 22:46:29.87	5	1	0	0	0	21	0.487	1.75	0	0	0	0	0
339	2016-05-16 22:46:38.10	2016-05-16 22:46:43.96	5	1	0	0	0	15	0.514	1.53125	0	0	0	0	0
339	2016-05-16 22:46:54.68	2016-05-16 22:46:55.06	6	-1	1	0	0	0	0	0	0	0	0	0	0
340	2016-05-16 22:47:16.89	2016-05-16 22:47:16.92	5	1	0	1	0	0	0	0	0	0	0	0	0
340	2016-05-16 22:47:17.03	2016-05-16 22:47:17.29	5	1	0	1	0	0	0	0	0	0	0	0	0
341	2016-05-16 22:47:29.40	2016-05-16 22:47:45.34	5	1	0	0	0	10	0.219	0.953125	0	0	0	0	0
342	2016-05-16 22:47:50.28	2016-05-16 22:47:59.18	5	1	0	0	0	7	0.203	0.71875	0	0	0	0	0
343	2016-05-16 22:48:09.67	2016-05-16 22:48:25.98	5	1	0	0	0	6	0.132	0.5625	0	0	0	0	0
344	2016-05-16 22:48:33.40	2016-05-16 22:48:41.43	5	1	0	0	0	10	0.388	1.140625	0	0	0	0	0
345	2016-05-16 22:48:45.95	2016-05-16 22:49:04.00	5	1	0	0	0	12	0.276	1	0	0	0	0	0
346	2016-05-16 22:49:12.82	2016-05-16 22:49:26.28	5	1	0	0	0	11	0.232	0.953125	0	0	0	0	0
347	2016-05-16 22:49:30.62	2016-05-16 22:49:40.17	5	1	0	0	0	8	0.232	0.78125	0	0	0	0	0
348	2016-05-16 22:50:07.23	2016-05-16 22:50:17.76	5	1	0	0	0	21	0.544	1.828125	0	0	0	0	0
349	2016-05-16 22:50:34.54	2016-05-16 22:50:42.43	5	1	0	0	0	23	0.576	2.015625	0	0	0	0	0
350	2016-05-16 22:50:53.15	2016-05-16 22:50:59.96	5	1	0	0	0	19	0.422	1.640625	0	0	0	0	0
351	2016-05-16 22:52:18.40	2016-05-16 22:52:26.90	5	1	0	0	0	18	0.833	1.71875	0	0	0	0	0
352	2016-05-16 22:52:33.34	2016-05-16 22:52:33.84	5	1	0	1	0	0	0	0	0	0	0	0	0
353	2016-05-16 22:52:39.31	2016-05-16 22:52:47.42	5	1	0	0	0	11	0.358	1.0625	0	0	0	0	0
354	2016-05-16 22:53:10.46	2016-05-16 22:53:18.17	5	1	0	0	0	14	0.615	1.59375	0	0	0	0	0
355	2016-05-16 22:53:24.42	2016-05-16 22:53:32.17	5	1	0	0	0	13	0.291	1.171875	0	0	0	0	0
355	2016-05-16 22:53:32.21	2016-05-16 22:53:32.53	5	1	0	1	0	0	0	0	0	0	0	0	0
356	2016-05-16 22:53:40.57	2016-05-16 22:53:40.59	5	1	0	0	0	0	0	0	0	0	0	0	0
356	2016-05-16 22:53:40.62	2016-05-16 22:53:47.62	5	1	0	0	0	11	0.318	1.140625	0	0	0	0	0
357	2016-05-16 22:54:05.14	2016-05-16 22:54:13.10	5	1	0	0	0	12	0.375	1.265625	0	0	0	0	0
358	2016-05-16 22:54:22.43	2016-05-16 22:54:29.50	5	1	0	0	0	12	0.319	1.21875	0	0	0	0	0
359	2016-05-16 22:54:38.65	2016-05-16 22:54:54.93	5	1	0	0	0	16	0.597	1.65625	0	0	0	0	0
360	2016-05-16 22:55:01.50	2016-05-16 22:55:08.21	5	1	0	0	0	12	0.445	1.359375	0	0	0	0	0
361	2016-05-16 22:55:15.62	2016-05-16 22:55:28.34	5	1	0	0	0	8	0.259	0.796875	0	0	0	0	0
362	2016-05-16 22:55:36.00	2016-05-16 22:55:53.43	5	1	0	0	0	14	0.332	1.34375	0	0	0	0	0
363	2016-05-16 22:56:01.73	2016-05-16 22:56:19.32	5	1	0	0	0	12	0.375	1.296875	0	0	0	0	0
364	2016-05-16 22:56:26.89	2016-05-16 22:56:38.23	5	1	0	0	0	13	0.348	1.3125	0	0	0	0	0
365	2016-05-16 22:56:42.92	2016-05-16 22:56:43.07	5	1	0	1	0	0	0	0	0	0	0	0	0
366	2016-05-16 22:56:51.96	2016-05-16 22:57:06.03	5	1	0	0	0	13	0.374	1.265625	0	0	0	0	0
367	2016-05-16 22:57:11.81	2016-05-16 22:57:16.23	5	1	0	0	0	12	0.415	1.265625	0	0	0	0	0
367	2016-05-16 22:57:16.35	2016-05-16 22:57:18.28	5	1	0	1	0	0	0	0	0	0	0	0	0
368	2016-05-16 22:57:24.75	2016-05-16 22:57:35.34	5	1	0	0	0	12	0.303	1.0625	0	0	0	0	0
369	2016-05-16 22:57:55.50	2016-05-16 22:58:03.64	5	1	0	0	0	13	0.361	1.296875	0	0	0	0	0
370	2016-05-16 22:58:10.37	2016-05-16 22:58:21.14	5	1	0	0	0	14	0.252	1.296875	0	0	0	0	0
371	2016-05-16 22:58:29.32	2016-05-16 22:58:34.39	5	1	0	0	0	8	0.398	0.875	0	0	0	0	0
372	2016-05-16 22:58:41.43	2016-05-16 22:59:01.26	5	1	0	0	0	16	0.484	1.609375	0	0	0	0	0
373	2016-05-16 22:59:08.75	2016-05-16 22:59:21.37	5	1	0	0	0	14	0.307	1.359375	0	0	0	0	0
374	2016-05-16 22:59:29.29	2016-05-16 22:59:43.48	5	1	0	0	0	13	0.388	1.171875	0	0	0	0	0
375	2016-05-16 22:59:50.70	2016-05-16 23:00:08.00	5	1	0	0	0	9	0.285	0.859375	0	0	0	0	0
376	2016-05-16 23:01:13.09	2016-05-16 23:01:24.67	5	1	0	0	0	14	0.375	1.328125	0	0	0	0	0
377	2016-05-16 23:01:29.82	2016-05-16 23:01:36.39	5	1	0	0	0	14	0.475	1.515625	0	0	0	0	0
377	2016-05-16 23:01:38.00	2016-05-16 23:01:38.75	5	1	0	1	0	0	0	0	0	0	0	0	0
377	2016-05-16 23:01:38.10	2016-05-16 23:01:39.15	6	-1	1	1	0	0	0	0	0	0	0	0	0
377	2016-05-16 23:01:38.84	2016-05-16 23:01:40.10	5	1	0	1	0	0	0	0	0	0	0	0	0
377	2016-05-16 23:01:40.32	2016-05-16 23:01:40.39	5	1	0	1	0	0	0	0	0	0	0	0	0
377	2016-05-16 23:01:42.35	2016-05-16 23:01:46.56	5	1	0	1	0	0	0	0	0	0	0	0	0
378	2016-05-16 23:01:52.25	2016-05-16 23:02:09.12	5	1	0	0	0	6	0.146	0.546875	0	0	0	0	0
379	2016-05-16 23:02:15.46	2016-05-16 23:02:22.73	5	1	0	0	0	15	0.473	1.546875	0	0	0	0	0
379	2016-05-16 23:02:26.64	2016-05-16 23:02:27.75	6	-1	1	1	0	0	0	0	0	0	0	0	0
379	2016-05-16 23:02:27.62	2016-05-16 23:02:30.70	5	1	0	1	0	0	0	0	0	0	0	0	0
380	2016-05-16 23:02:38.01	2016-05-16 23:02:53.29	5	1	0	0	0	20	0.657	1.921875	0	0	0	0	0
381	2016-05-16 23:03:00.23	2016-05-16 23:03:06.28	5	1	0	0	0	14	0.291	1.25	0	0	0	0	0
382	2016-05-16 23:03:27.95	2016-05-16 23:03:32.34	5	1	0	0	0	24	0.906	2.421875	0	0	0	0	0
383	2016-05-16 23:03:40.31	2016-05-16 23:03:54.46	5	1	0	0	0	13	0.401	1.21875	0	0	0	0	0
384	2016-05-16 23:04:25.43	2016-05-16 23:04:26.26	5	1	0	1	0	0	0	0	0	0	0	0	0
385	2016-05-16 23:04:42.45	2016-05-16 23:04:51.07	5	1	0	0	0	8	0.245	0.734375	0	0	0	0	0
386	2016-05-16 23:04:56.82	2016-05-16 23:04:56.90	5	1	0	1	0	0	0	0	0	0	0	0	0
387	2016-05-16 23:05:04.03	2016-05-16 23:05:15.20	5	1	0	0	0	14	0.316	1.3125	0	0	0	0	0
387	2016-05-16 23:05:19.45	2016-05-16 23:05:19.50	5	1	0	1	0	0	0	0	0	0	0	0	0
388	2016-05-16 23:05:24.01	2016-05-16 23:05:36.06	5	1	0	0	0	9	0.246	0.828125	0	0	0	0	0
389	2016-05-16 23:05:43.93	2016-05-16 23:05:50.51	5	1	0	0	0	10	0.286	0.9375	0	0	0	0	0
390	2016-05-16 23:05:55.01	2016-05-16 23:06:07.89	5	1	0	0	0	12	0.443	1.40625	0	0	0	0	0
392	2016-05-16 23:06:45.15	2016-05-16 23:06:52.56	5	1	0	0	0	16	0.39	1.40625	0	0	0	0	0
393	2016-05-16 23:06:58.59	2016-05-16 23:07:05.32	5	1	0	0	0	13	0.333	1.140625	0	0	0	0	0
394	2016-05-16 23:07:10.81	2016-05-16 23:07:19.59	5	1	0	0	0	21	0.506	1.96875	0	0	0	0	0
394	2016-05-16 23:07:45.93	2016-05-16 23:07:46.29	5	1	0	1	0	0	0	0	0	0	0	0	0
395	2016-05-16 23:07:52.90	2016-05-16 23:07:58.29	5	1	0	0	0	5	0.074	0.421875	0	0	0	0	0
396	2016-05-16 23:08:05.48	2016-05-16 23:08:10.64	5	1	0	0	0	17	0.727	1.765625	0	0	0	0	0
397	2016-05-16 23:08:14.29	2016-05-16 23:08:14.35	5	1	0	1	0	0	0	0	0	0	0	0	0
398	2016-05-16 23:08:21.95	2016-05-16 23:08:26.09	5	1	0	0	0	11	0.329	1.046875	0	0	0	0	0
399	2016-05-16 23:08:32.23	2016-05-16 23:08:39.06	5	1	0	0	0	9	0.26	0.90625	0	0	0	0	0
400	2016-05-16 23:08:47.54	2016-05-16 23:08:56.96	5	1	0	0	0	14	0.404	1.25	0	0	0	0	0
401	2016-05-16 23:09:14.10	2016-05-16 23:09:22.92	5	1	0	0	0	6	0.174	0.640625	0	0	0	0	0
402	2016-05-16 23:09:28.62	2016-05-16 23:09:37.06	5	1	0	0	0	16	0.501	1.515625	0	0	0	0	0
403	2016-05-16 23:10:18.81	2016-05-16 23:10:26.21	5	1	0	0	0	10	0.247	0.984375	0	0	0	0	0
405	2016-05-16 23:10:38.87	2016-05-16 23:10:43.65	5	1	0	0	0	11	0.511	1.265625	0	0	0	0	0
406	2016-05-16 23:10:49.28	2016-05-16 23:10:56.57	5	1	0	0	0	12	0.359	1.265625	0	0	0	0	0
407	2016-05-16 23:11:03.15	2016-05-16 23:11:03.18	5	1	0	0	0	0	0	0	0	0	0	0	0
407	2016-05-16 23:11:03.23	2016-05-16 23:11:09.65	5	1	0	0	0	21	0.927	2.21875	0	0	0	0	0
408	2016-05-16 23:11:16.04	2016-05-16 23:11:29.12	5	1	0	0	0	16	0.446	1.546875	0	0	0	0	0
409	2016-05-16 23:11:39.95	2016-05-16 23:11:40.10	5	1	0	1	0	0	0	0	0	0	0	0	0
410	2016-05-16 23:11:51.65	2016-05-16 23:12:00.53	5	1	0	0	0	23	0.603	2.03125	0	0	0	0	0
411	2016-05-16 23:12:07.96	2016-05-16 23:12:16.12	5	1	0	0	0	14	0.322	1.25	0	0	0	0	0
412	2016-05-16 23:12:54.68	2016-05-16 23:12:55.04	5	1	0	1	0	0	0	0	0	0	0	0	0
413	2016-05-16 23:13:00.95	2016-05-16 23:13:09.79	5	1	0	0	0	12	0.442	1.171875	0	0	0	0	0
414	2016-05-16 23:13:15.14	2016-05-16 23:13:23.96	5	1	0	0	0	16	0.364	1.46875	0	0	0	0	0
416	2016-05-16 23:14:17.12	2016-05-16 23:14:24.03	5	1	0	0	0	24	0.696	2.078125	0	0	0	0	0
417	2016-05-16 23:15:04.70	2016-05-16 23:15:13.25	5	1	0	0	0	14	0.42	1.46875	0	0	0	0	0
418	2016-05-16 23:16:37.62	2016-05-16 23:16:37.68	5	1	0	1	0	0	0	0	0	0	0	0	0
418	2016-05-16 23:16:40.82	2016-05-16 23:16:41.28	5	1	0	1	0	0	0	0	0	0	0	0	0
420	2016-05-16 23:18:11.12	2016-05-16 23:18:11.28	6	-1	1	0	0	0	0	0	0	0	0	0	0
420	2016-05-16 23:18:11.90	2016-05-16 23:18:20.14	5	1	0	0	0	14	0.653	1.515625	0	0	0	0	0
421	2016-05-16 23:18:26.84	2016-05-16 23:18:38.00	5	1	0	0	0	22	0.587	2.1875	0	0	0	0	0
422	2016-05-16 23:18:50.67	2016-05-16 23:18:50.78	5	1	0	1	0	0	0	0	0	0	0	0	0
423	2016-05-16 23:18:58.90	2016-05-16 23:19:09.37	5	1	0	0	0	15	0.417	1.359375	0	0	0	0	0
424	2016-05-16 23:19:16.79	2016-05-16 23:19:30.10	5	1	0	0	0	11	0.47	1.1875	0	0	0	0	0
425	2016-05-16 23:19:35.54	2016-05-16 23:19:40.78	5	1	0	0	0	16	0.402	1.484375	0	0	0	0	0
426	2016-05-16 23:19:47.64	2016-05-16 23:19:53.73	5	1	0	0	0	10	0.522	1.15625	0	0	0	0	0
427	2016-05-16 23:20:01.37	2016-05-16 23:20:06.90	5	1	0	0	0	11	0.318	1.140625	0	0	0	0	0
428	2016-05-16 23:20:10.84	2016-05-16 23:20:25.78	5	1	0	0	0	13	0.332	1.21875	0	0	0	0	0
429	2016-05-16 23:20:37.98	2016-05-16 23:20:58.60	5	1	0	0	0	8	0.218	0.796875	0	0	0	0	0
431	2016-05-16 23:21:10.75	2016-05-16 23:21:20.12	5	1	0	0	0	24	0.587	1.96875	0	0	0	0	0
432	2016-05-16 23:21:27.71	2016-05-16 23:21:35.07	5	1	0	0	0	12	0.568	1.375	0	0	0	0	0
433	2016-05-16 23:21:39.20	2016-05-16 23:21:46.67	5	1	0	0	0	16	0.501	1.5625	0	0	0	0	0
434	2016-05-16 23:21:57.32	2016-05-16 23:22:01.93	5	1	0	0	0	20	0.725	2.015625	0	0	0	0	0
435	2016-05-16 23:22:09.79	2016-05-16 23:22:10.01	5	1	0	1	0	0	0	0	0	0	0	0	0
436	2016-05-16 23:22:20.25	2016-05-16 23:22:35.71	5	1	0	0	0	11	0.33	1.015625	0	0	0	0	0
437	2016-05-16 23:22:41.95	2016-05-16 23:22:49.85	5	1	0	0	0	10	0.206	0.984375	0	0	0	0	0
438	2016-05-16 23:22:59.85	2016-05-16 23:23:12.95	5	1	0	0	0	19	0.477	1.890625	0	0	0	0	0
439	2016-05-16 23:23:17.95	2016-05-16 23:23:24.43	5	1	0	0	0	19	0.6	1.734375	0	0	0	0	0
440	2016-05-16 23:23:30.51	2016-05-16 23:23:46.60	5	1	0	0	0	18	0.66	1.703125	0	0	0	0	0
441	2016-05-16 23:23:53.32	2016-05-16 23:24:08.98	5	1	0	0	0	12	0.359	1.25	0	0	0	0	0
441	2016-05-16 23:24:09.03	2016-05-16 23:24:09.09	5	1	0	1	0	0	0	0	0	0	0	0	0
441	2016-05-16 23:24:09.17	2016-05-16 23:24:09.57	5	1	0	1	0	0	0	0	0	0	0	0	0
442	2016-05-16 23:24:16.48	2016-05-16 23:24:41.23	5	1	0	0	0	8	0.245	0.765625	0	0	0	0	0
443	2016-05-16 23:24:47.04	2016-05-16 23:24:54.34	5	1	0	0	0	12	0.346	1.21875	0	0	0	0	0
446	2016-05-16 23:25:41.92	2016-05-16 23:25:47.65	5	1	0	0	0	13	0.454	1.234375	0	0	0	0	0
447	2016-05-16 23:26:17.95	2016-05-16 23:26:18.17	6	-1	1	0	0	0	0	0	0	0	0	0	0
447	2016-05-16 23:26:18.39	2016-05-16 23:26:18.54	6	-1	1	0	0	0	0	0	0	0	0	0	0
448	2016-05-16 23:26:40.15	2016-05-16 23:26:46.00	5	1	0	0	0	15	0.336	1.421875	0	0	0	0	0
449	2016-05-16 23:26:58.59	2016-05-16 23:27:05.35	5	1	0	0	0	9	0.315	0.9375	0	0	0	0	0
450	2016-05-16 23:27:14.71	2016-05-16 23:27:21.29	5	1	0	0	0	17	0.419	1.46875	0	0	0	0	0
451	2016-05-16 23:27:30.45	2016-05-16 23:27:36.50	5	1	0	0	0	10	0.276	1.046875	0	0	0	0	0
451	2016-05-16 23:27:36.85	2016-05-16 23:27:38.39	5	1	0	1	0	0	0	0	0	0	0	0	0
452	2016-05-16 23:27:45.90	2016-05-16 23:27:54.50	5	1	0	0	0	19	0.379	1.71875	0	0	0	0	0
453	2016-05-16 23:28:10.78	2016-05-16 23:28:16.37	5	1	0	0	0	9	0.385	1.015625	0	0	0	0	0
454	2016-05-16 23:29:07.09	2016-05-16 23:29:07.96	5	1	0	1	0	0	0	0	0	0	0	0	0
455	2016-05-16 23:29:16.25	2016-05-16 23:29:23.79	5	1	0	0	0	16	0.4	1.390625	0	0	0	0	0
456	2016-05-16 23:29:30.75	2016-05-16 23:29:37.84	5	1	0	0	0	8	0.371	0.890625	0	0	0	0	0
456	2016-05-16 23:29:57.00	2016-05-16 23:29:57.78	6	-1	1	0	0	0	0	0	0	0	0	0	0
456	2016-05-16 23:29:59.04	2016-05-16 23:30:00.26	6	-1	1	0	0	0	0	0	0	0	0	0	0
456	2016-05-16 23:30:11.54	2016-05-16 23:30:11.57	6	-1	1	0	0	0	0	0	0	0	0	0	0
456	2016-05-16 23:30:11.60	2016-05-16 23:30:11.67	6	-1	1	0	0	0	0	0	0	0	0	0	0
456	2016-05-16 23:30:22.01	2016-05-16 23:30:22.65	6	-1	1	0	0	0	0	0	0	0	0	0	0
456	2016-05-16 23:30:24.42	2016-05-16 23:30:24.45	6	-1	1	0	0	0	0	0	0	0	0	0	0
456	2016-05-16 23:30:26.78	2016-05-16 23:30:26.92	6	-1	1	0	0	0	0	0	0	0	0	0	0
456	2016-05-16 23:30:30.93	2016-05-16 23:30:30.98	6	-1	1	0	0	0	0	0	0	0	0	0	0
456	2016-05-16 23:30:34.85	2016-05-16 23:30:35.32	6	-1	1	0	0	0	0	0	0	0	0	0	0
456	2016-05-16 23:30:45.95	2016-05-16 23:30:46.12	6	-1	1	0	0	0	0	0	0	0	0	0	0
456	2016-05-16 23:30:46.21	2016-05-16 23:30:46.25	6	-1	1	0	0	0	0	0	0	0	0	0	0
457	2016-05-16 23:31:11.32	2016-05-16 23:31:12.76	5	1	0	1	0	0	0	0	0	0	0	0	0
457	2016-05-16 23:31:43.93	2016-05-16 23:31:44.42	6	-1	1	1	0	0	0	0	0	0	0	0	0
457	2016-05-16 23:31:44.48	2016-05-16 23:31:44.57	6	-1	1	1	0	0	0	0	0	0	0	0	0
457	2016-05-16 23:31:44.62	2016-05-16 23:31:45.81	6	-1	1	1	0	0	0	0	0	0	0	0	0
457	2016-05-16 23:31:45.85	2016-05-16 23:31:46.43	6	-1	1	1	0	0	0	0	0	0	0	0	0
460	2016-05-16 23:31:58.46	2016-05-16 23:32:03.90	5	1	0	0	0	11	0.277	1.15625	0	0	0	0	0
461	2016-05-16 23:32:10.68	2016-05-16 23:32:16.14	5	1	0	0	0	9	0.259	0.75	0	0	0	0	0
461	2016-05-16 23:32:20.06	2016-05-16 23:32:20.37	6	-1	1	0	0	0	0	0	0	0	0	0	0
461	2016-05-16 23:32:20.43	2016-05-16 23:32:20.67	6	-1	1	0	0	0	0	0	0	0	0	0	0
461	2016-05-16 23:32:35.18	2016-05-16 23:32:35.76	5	1	0	1	0	0	0	0	0	0	0	0	0
462	2016-05-16 23:33:05.71	2016-05-16 23:33:14.20	5	1	0	0	0	11	0.291	1.09375	0	0	0	0	0
463	2016-05-16 23:33:22.93	2016-05-16 23:33:29.78	5	1	0	0	0	7	0.161	0.625	0	0	0	0	0
464	2016-05-16 23:33:34.28	2016-05-16 23:33:42.46	5	1	0	0	0	8	0.19	0.734375	0	0	0	0	0
465	2016-05-16 23:33:48.98	2016-05-16 23:33:57.76	5	1	0	0	0	12	0.222	1.125	0	0	0	0	0
466	2016-05-16 23:34:03.26	2016-05-16 23:34:12.51	5	1	0	0	0	10	0.261	0.984375	0	0	0	0	0
467	2016-05-16 23:34:18.03	2016-05-16 23:34:33.95	5	1	0	0	0	12	0.303	1.0625	0	0	0	0	0
468	2016-05-16 23:34:46.46	2016-05-16 23:35:03.32	5	1	0	0	0	12	0.291	1.0625	0	0	0	0	0
469	2016-05-16 23:35:07.53	2016-05-16 23:35:15.62	5	1	0	0	0	10	0.232	0.921875	0	0	0	0	0
470	2016-05-16 23:35:29.03	2016-05-16 23:35:42.42	5	1	0	0	0	17	0.572	1.65625	0	0	0	0	0
471	2016-05-16 23:35:46.93	2016-05-16 23:35:57.89	5	1	0	0	0	17	0.324	1.5625	0	0	0	0	0
473	2016-05-16 23:36:54.95	2016-05-16 23:37:04.15	5	1	0	0	0	15	0.402	1.4375	0	0	0	0	0
474	2016-05-16 23:37:09.75	2016-05-16 23:37:15.48	5	1	0	0	0	10	0.329	0.984375	0	0	0	0	0
475	2016-05-16 23:37:20.64	2016-05-16 23:37:30.34	5	1	0	0	0	8	0.218	0.78125	0	0	0	0	0
476	2016-05-16 23:37:46.14	2016-05-16 23:37:52.51	5	1	0	0	0	8	0.19	0.71875	0	0	0	0	0
477	2016-05-16 23:37:58.87	2016-05-16 23:37:58.89	5	1	0	0	0	0	0	0	0	0	0	0	0
477	2016-05-16 23:37:58.90	2016-05-16 23:38:07.21	5	1	0	0	0	8	0.246	0.828125	0	0	0	0	0
478	2016-05-16 23:38:12.57	2016-05-16 23:38:18.93	5	1	0	0	0	14	0.292	1.265625	0	0	0	0	0
479	2016-05-16 23:38:22.39	2016-05-16 23:38:29.78	5	1	0	0	0	22	0.632	2.109375	0	0	0	0	0
480	2016-05-16 23:38:32.62	2016-05-16 23:38:33.45	5	1	0	1	0	0	0	0	0	0	0	0	0
481	2016-05-16 23:38:39.32	2016-05-16 23:38:48.25	5	1	0	0	0	17	0.42	1.5	0	0	0	0	0
482	2016-05-16 23:39:03.75	2016-05-16 23:39:09.48	5	1	0	0	0	11	0.399	1.09375	0	0	0	0	0
483	2016-05-16 23:39:18.09	2016-05-16 23:39:25.43	5	1	0	0	0	10	0.247	1	0	0	0	0	0
484	2016-05-16 23:39:30.53	2016-05-16 23:39:39.25	5	1	0	0	0	11	0.207	0.984375	0	0	0	0	0
485	2016-05-16 23:40:23.75	2016-05-16 23:40:31.48	5	1	0	0	0	13	0.377	1.328125	0	0	0	0	0
487	2016-05-16 23:40:41.40	2016-05-16 23:40:54.14	5	1	0	0	0	12	0.332	1.171875	0	0	0	0	0
488	2016-05-16 23:41:01.01	2016-05-16 23:41:16.09	5	1	0	0	0	9	0.261	0.90625	0	0	0	0	0
489	2016-05-16 23:41:22.25	2016-05-16 23:41:34.53	5	1	0	0	0	17	0.501	1.59375	0	0	0	0	0
490	2016-05-16 23:41:43.64	2016-05-16 23:41:55.45	5	1	0	0	0	12	0.29	1.109375	0	0	0	0	0
491	2016-05-16 23:42:08.46	2016-05-16 23:42:19.68	5	1	0	0	0	12	0.288	1.03125	0	0	0	0	0
493	2016-05-16 23:42:33.85	2016-05-16 23:42:43.12	5	1	0	0	0	8	0.245	0.828125	0	0	0	0	0
494	2016-05-16 23:42:52.14	2016-05-16 23:43:02.39	5	1	0	0	0	15	0.474	1.5	0	0	0	0	0
495	2016-05-16 23:43:09.25	2016-05-16 23:43:09.26	5	1	0	0	0	0	0	0	0	0	0	0	0
495	2016-05-16 23:43:09.28	2016-05-16 23:43:18.48	5	1	0	0	0	6	0.314	0.71875	0	0	0	0	0
497	2016-05-16 23:44:12.03	2016-05-16 23:44:23.48	5	1	0	0	0	10	0.343	0.921875	0	0	0	0	0
498	2016-05-16 23:44:29.12	2016-05-16 23:44:40.67	5	1	0	0	0	14	0.373	1.34375	0	0	0	0	0
499	2016-05-16 23:47:32.78	2016-05-16 23:47:37.76	5	1	0	0	0	13	0.333	1.296875	0	0	0	0	0
500	2016-05-16 23:47:42.73	2016-05-16 23:47:48.43	5	1	0	0	0	5	0.159	0.53125	0	0	0	0	0
501	2016-05-16 23:47:55.20	2016-05-16 23:48:10.84	5	1	0	0	0	7	0.351	0.796875	0	0	0	0	0
502	2016-05-16 23:48:16.64	2016-05-16 23:48:37.42	5	1	0	0	0	16	0.414	1.5	0	0	0	0	0
503	2016-05-16 23:48:45.39	2016-05-16 23:49:08.53	5	1	0	0	0	3	0.143	0.375	0	0	0	0	0
504	2016-05-16 23:49:15.85	2016-05-16 23:49:38.00	5	1	0	0	0	9	0.315	0.859375	0	0	0	0	0
505	2016-05-16 23:50:00.89	2016-05-16 23:50:00.90	5	1	0	1	0	0	0	0	0	0	0	0	0
506	2016-05-16 23:51:22.23	2016-05-16 23:51:22.32	5	1	0	1	0	0	0	0	0	0	0	0	0
506	2016-05-16 23:51:25.17	2016-05-16 23:51:25.28	5	1	0	1	0	0	0	0	0	0	0	0	0
506	2016-05-16 23:51:25.35	2016-05-16 23:51:25.42	5	1	0	1	0	0	0	0	0	0	0	0	0
508	2016-05-16 23:52:06.14	2016-05-16 23:52:14.76	5	1	0	0	0	23	0.587	2.21875	0	0	0	0	0
509	2016-05-16 23:52:22.20	2016-05-16 23:52:30.76	5	1	0	0	0	11	0.221	1	0	0	0	0	0
510	2016-05-16 23:53:31.50	2016-05-16 23:53:31.53	5	1	0	1	0	0	0	0	0	0	0	0	0
511	2016-05-16 23:53:55.53	2016-05-16 23:53:57.01	6	-1	1	0	0	0	0	0	0	0	0	0	0
511	2016-05-16 23:53:59.20	2016-05-16 23:54:00.96	6	-1	1	0	0	0	0	0	0	0	0	0	0
511	2016-05-16 23:54:09.48	2016-05-16 23:54:10.18	6	-1	1	0	0	0	0	0	0	0	0	0	0
511	2016-05-16 23:54:13.54	2016-05-16 23:54:13.59	6	-1	1	0	0	0	0	0	0	0	0	0	0
511	2016-05-16 23:54:25.54	2016-05-16 23:54:26.53	6	-1	1	0	0	0	0	0	0	0	0	0	0
512	2016-05-16 23:54:56.06	2016-05-16 23:54:56.45	5	1	0	1	0	0	0	0	0	0	0	0	0
512	2016-05-16 23:54:58.53	2016-05-16 23:54:58.85	5	1	0	1	0	0	0	0	0	0	0	0	0
512	2016-05-16 23:54:59.06	2016-05-16 23:54:59.09	5	1	0	1	0	0	0	0	0	0	0	0	0
512	2016-05-16 23:54:59.14	2016-05-16 23:54:59.15	5	1	0	1	0	0	0	0	0	0	0	0	0
513	2016-05-16 23:55:10.09	2016-05-16 23:55:10.42	6	-1	1	0	0	0	0	0	0	0	0	0	0
513	2016-05-16 23:55:41.07	2016-05-16 23:55:41.37	6	-1	1	0	0	0	0	0	0	0	0	0	0
513	2016-05-16 23:56:01.82	2016-05-16 23:56:01.85	5	1	0	1	0	0	0	0	0	0	0	0	0
513	2016-05-16 23:56:09.75	2016-05-16 23:56:10.06	6	-1	1	1	0	0	0	0	0	0	0	0	0
513	2016-05-16 23:56:11.17	2016-05-16 23:56:11.20	6	-1	1	1	0	0	0	0	0	0	0	0	0
513	2016-05-16 23:56:12.46	2016-05-16 23:56:13.12	5	1	0	1	0	0	0	0	0	0	0	0	0
513	2016-05-16 23:56:43.46	2016-05-16 23:56:44.10	5	1	0	1	0	0	0	0	0	0	0	0	0
513	2016-05-16 23:56:50.81	2016-05-16 23:56:51.25	5	1	0	1	0	0	0	0	0	0	0	0	0
513	2016-05-16 23:56:52.84	2016-05-16 23:56:52.98	5	1	0	1	0	0	0	0	0	0	0	0	0
513	2016-05-16 23:56:53.03	2016-05-16 23:56:53.20	5	1	0	1	0	0	0	0	0	0	0	0	0
513	2016-05-16 23:56:53.21	2016-05-16 23:56:53.28	5	1	0	1	0	0	0	0	0	0	0	0	0
513	2016-05-16 23:56:54.25	2016-05-16 23:56:54.43	5	1	0	1	0	0	0	0	0	0	0	0	0
513	2016-05-16 23:56:55.17	2016-05-16 23:56:56.21	5	1	0	1	0	0	0	0	0	0	0	0	0
513	2016-05-16 23:56:56.34	2016-05-16 23:56:56.76	5	1	0	1	0	0	0	0	0	0	0	0	0
513	2016-05-16 23:56:56.76	2016-05-16 23:56:57.00	5	1	0	1	0	0	0	0	0	0	0	0	0
513	2016-05-16 23:56:57.10	2016-05-16 23:56:57.23	5	1	0	1	0	0	0	0	0	0	0	0	0
513	2016-05-16 23:56:58.53	2016-05-16 23:56:59.00	5	1	0	1	0	0	0	0	0	0	0	0	0
513	2016-05-16 23:56:59.25	2016-05-16 23:56:59.46	5	1	0	1	0	0	0	0	0	0	0	0	0
513	2016-05-16 23:56:59.57	2016-05-16 23:57:00.17	5	1	0	1	0	0	0	0	0	0	0	0	0
513	2016-05-16 23:57:06.46	2016-05-16 23:57:06.87	5	1	0	1	0	0	0	0	0	0	0	0	0
513	2016-05-16 23:57:07.78	2016-05-16 23:57:08.06	6	-1	1	1	0	0	0	0	0	0	0	0	0
513	2016-05-16 23:57:08.12	2016-05-16 23:57:08.17	6	-1	1	1	0	0	0	0	0	0	0	0	0
513	2016-05-16 23:57:08.28	2016-05-16 23:57:08.31	6	-1	1	1	0	0	0	0	0	0	0	0	0
513	2016-05-16 23:57:07.04	2016-05-16 23:57:08.35	5	1	0	1	0	0	0	0	0	0	0	0	0
513	2016-05-16 23:57:08.92	2016-05-16 23:57:08.93	5	1	0	1	0	0	0	0	0	0	0	0	0
513	2016-05-16 23:57:08.71	2016-05-16 23:57:09.68	6	-1	1	1	0	0	0	0	0	0	0	0	0
513	2016-05-16 23:57:10.00	2016-05-16 23:57:10.43	6	-1	1	1	0	0	0	0	0	0	0	0	0
514	2016-05-16 23:57:26.82	2016-05-16 23:57:33.25	5	1	0	0	0	6	0.118	0.578125	0	0	0	0	0
515	2016-05-16 23:57:39.76	2016-05-16 23:57:56.98	5	1	0	0	0	22	0.547	1.953125	0	0	0	0	0
516	2016-05-16 23:59:03.70	2016-05-16 23:59:15.57	5	1	0	0	0	22	0.744	2.15625	0	0	0	0	0
518	2016-05-17 00:01:35.06	2016-05-17 00:01:35.37	5	1	0	0	0	0	0	0	0	0	0	0	0
520	2016-05-17 00:01:58.26	2016-05-17 00:01:59.14	5	1	0	0	0	0	0	0	0	0	0	0	0
520	2016-05-17 00:02:06.18	2016-05-17 00:02:06.50	6	-1	1	0	0	0	0	0	0	0	0	0	0
520	2016-05-17 00:02:22.40	2016-05-17 00:02:23.48	5	1	0	0	0	0	0	0	0	0	0	0	0
520	2016-05-17 00:02:43.32	2016-05-17 00:02:44.57	6	-1	1	0	0	0	0	0	0	0	0	0	0
520	2016-05-17 00:02:48.35	2016-05-17 00:02:48.42	6	-1	1	0	0	0	0	0	0	0	0	0	0
521	2016-05-17 00:02:49.85	2016-05-17 00:02:50.62	6	-1	1	0	0	0	0	0	0	0	0	0	0
521	2016-05-17 00:02:50.64	2016-05-17 00:02:50.76	5	1	0	0	0	0	0	0	0	0	0	0	0
522	2016-05-17 00:02:51.17	2016-05-17 00:02:51.84	5	1	0	0	0	0	0	0	0	0	0	0	0
522	2016-05-17 00:02:54.93	2016-05-17 00:02:55.60	5	1	0	0	0	0	0	0	0	0	0	0	0
523	2016-05-17 00:03:03.57	2016-05-17 00:03:04.06	6	-1	1	0	0	0	0	0	0	0	0	0	0
526	2016-05-17 00:04:53.23	2016-05-17 00:04:53.67	6	-1	1	0	0	0	0	0	0	0	0	0	0
526	2016-05-17 00:04:55.39	2016-05-17 00:04:55.46	6	-1	1	0	0	0	0	0	0	0	0	0	0
527	2016-05-17 00:05:13.14	2016-05-17 00:05:13.73	6	-1	1	0	0	0	0	0	0	0	0	0	0
527	2016-05-17 00:05:19.39	2016-05-17 00:05:19.42	6	-1	1	0	0	0	0	0	0	0	0	0	0
527	2016-05-17 00:05:22.70	2016-05-17 00:05:22.78	6	-1	1	0	0	0	0	0	0	0	0	0	0
527	2016-05-17 00:05:24.34	2016-05-17 00:05:24.85	6	-1	1	0	0	0	0	0	0	0	0	0	0
527	2016-05-17 00:05:25.32	2016-05-17 00:05:26.12	6	-1	1	0	0	0	0	0	0	0	0	0	0
527	2016-05-17 00:05:33.85	2016-05-17 00:05:34.32	5	1	0	0	0	0	0	0	0	0	0	0	0
532	2016-05-17 00:09:00.60	2016-05-17 00:09:00.82	5	1	0	0	0	0	0	0	0	0	0	0	0
532	2016-05-17 00:09:21.89	2016-05-17 00:09:22.51	5	1	0	0	0	0	0	0	0	0	0	0	0
533	2016-05-17 00:09:30.17	2016-05-17 00:09:30.53	5	1	0	0	0	0	0	0	0	0	0	0	0
533	2016-05-17 00:09:34.46	2016-05-17 00:09:34.90	6	-1	1	0	0	0	0	0	0	0	0	0	0
533	2016-05-17 00:09:34.90	2016-05-17 00:09:34.93	6	-1	1	0	0	0	0	0	0	0	0	0	0
533	2016-05-17 00:09:37.48	2016-05-17 00:09:37.78	6	-1	1	0	0	0	0	0	0	0	0	0	0
533	2016-05-17 00:09:46.56	2016-05-17 00:09:46.73	6	-1	1	0	0	0	0	0	0	0	0	0	0
533	2016-05-17 00:09:46.96	2016-05-17 00:09:47.39	6	-1	1	0	0	0	0	0	0	0	0	0	0
533	2016-05-17 00:09:47.40	2016-05-17 00:09:48.39	6	-1	1	0	0	0	0	0	0	0	0	0	0
533	2016-05-17 00:09:48.40	2016-05-17 00:09:49.07	6	-1	1	0	0	0	0	0	0	0	0	0	0
533	2016-05-17 00:10:18.21	2016-05-17 00:10:18.79	6	-1	1	0	0	0	0	0	0	0	0	0	0
533	2016-05-17 00:10:18.85	2016-05-17 00:10:18.93	6	-1	1	0	0	0	0	0	0	0	0	0	0
533	2016-05-17 00:10:21.71	2016-05-17 00:10:22.10	6	-1	1	0	0	0	0	0	0	0	0	0	0
533	2016-05-17 00:10:22.75	2016-05-17 00:10:22.84	6	-1	1	0	0	0	0	0	0	0	0	0	0
533	2016-05-17 00:10:23.12	2016-05-17 00:10:23.26	6	-1	1	0	0	0	0	0	0	0	0	0	0
533	2016-05-17 00:10:35.29	2016-05-17 00:10:35.53	6	-1	1	0	0	0	0	0	0	0	0	0	0
533	2016-05-17 00:10:36.71	2016-05-17 00:10:36.93	6	-1	1	0	0	0	0	0	0	0	0	0	0
533	2016-05-17 00:10:36.96	2016-05-17 00:10:37.12	6	-1	1	0	0	0	0	0	0	0	0	0	0
533	2016-05-17 00:10:42.40	2016-05-17 00:10:42.60	6	-1	1	0	0	0	0	0	0	0	0	0	0
533	2016-05-17 00:10:42.75	2016-05-17 00:10:42.95	6	-1	1	0	0	0	0	0	0	0	0	0	0
533	2016-05-17 00:10:43.09	2016-05-17 00:10:43.20	6	-1	1	0	0	0	0	0	0	0	0	0	0
533	2016-05-17 00:10:43.82	2016-05-17 00:10:43.92	6	-1	1	0	0	0	0	0	0	0	0	0	0
533	2016-05-17 00:10:46.25	2016-05-17 00:10:46.93	6	-1	1	0	0	0	0	0	0	0	0	0	0
533	2016-05-17 00:10:55.71	2016-05-17 00:10:55.75	6	-1	1	0	0	0	0	0	0	0	0	0	0
533	2016-05-17 00:10:57.04	2016-05-17 00:10:57.21	6	-1	1	0	0	0	0	0	0	0	0	0	0
534	2016-05-17 00:11:45.12	2016-05-17 00:11:45.14	6	-1	1	0	0	0	0	0	0	0	0	0	0
534	2016-05-17 00:11:45.35	2016-05-17 00:11:46.10	6	-1	1	0	0	0	0	0	0	0	0	0	0
535	2016-05-17 00:12:03.56	2016-05-17 00:12:03.95	5	1	0	0	0	0	0	0	0	0	0	0	0
535	2016-05-17 00:12:04.84	2016-05-17 00:12:05.34	6	-1	1	0	0	0	0	0	0	0	0	0	0
536	2016-05-17 00:12:16.95	2016-05-17 00:12:17.25	5	1	0	0	0	0	0	0	0	0	0	0	0
537	2016-05-17 00:13:15.32	2016-05-17 00:13:15.57	6	-1	1	0	0	0	0	0	0	0	0	0	0
538	2016-05-17 00:13:33.64	2016-05-17 00:13:33.90	5	1	0	0	0	0	0	0	0	0	0	0	0
539	2016-05-17 00:14:48.20	2016-05-17 00:14:48.46	6	-1	1	0	0	0	0	0	0	0	0	0	0
539	2016-05-17 00:14:56.37	2016-05-17 00:14:56.95	5	1	0	0	0	0	0	0	0	0	0	0	0
539	2016-05-17 00:15:02.53	2016-05-17 00:15:02.84	5	1	0	0	0	0	0	0	0	0	0	0	0
540	2016-05-17 00:15:08.84	2016-05-17 00:15:09.59	5	1	0	0	0	0	0	0	0	0	0	0	0
540	2016-05-17 00:16:06.17	2016-05-17 00:16:06.78	5	1	0	0	0	0	0	0	0	0	0	0	0
544	2016-05-17 00:18:54.62	2016-05-17 00:18:55.20	6	-1	1	0	0	0	0	0	0	0	0	0	0
544	2016-05-17 00:19:04.20	2016-05-17 00:19:04.79	5	1	0	0	0	0	0	0	0	0	0	0	0
544	2016-05-17 00:19:31.84	2016-05-17 00:19:32.14	6	-1	1	0	0	0	0	0	0	0	0	0	0
544	2016-05-17 00:19:59.39	2016-05-17 00:19:59.45	6	-1	1	0	0	0	0	0	0	0	0	0	0
544	2016-05-17 00:19:59.90	2016-05-17 00:19:59.93	6	-1	1	0	0	0	0	0	0	0	0	0	0
544	2016-05-17 00:20:00.07	2016-05-17 00:20:00.09	6	-1	1	0	0	0	0	0	0	0	0	0	0
544	2016-05-17 00:20:01.42	2016-05-17 00:20:01.46	6	-1	1	0	0	0	0	0	0	0	0	0	0
544	2016-05-17 00:20:02.57	2016-05-17 00:20:03.62	6	-1	1	0	0	0	0	0	0	0	0	0	0
550	2016-05-17 00:24:45.12	2016-05-17 00:24:45.54	6	-1	1	0	0	0	0	0	0	0	0	0	0
550	2016-05-17 00:24:46.43	2016-05-17 00:24:47.54	6	-1	1	0	0	0	0	0	0	0	0	0	0
550	2016-05-17 00:24:48.73	2016-05-17 00:24:49.01	6	-1	1	0	0	0	0	0	0	0	0	0	0
551	2016-05-17 00:25:20.32	2016-05-17 00:25:20.59	6	-1	1	0	0	0	0	0	0	0	0	0	0
551	2016-05-17 00:25:28.04	2016-05-17 00:25:28.39	6	-1	1	0	0	0	0	0	0	0	0	0	0
551	2016-05-17 00:25:29.37	2016-05-17 00:25:29.43	6	-1	1	0	0	0	0	0	0	0	0	0	0
551	2016-05-17 00:25:31.21	2016-05-17 00:25:31.28	6	-1	1	0	0	0	0	0	0	0	0	0	0
551	2016-05-17 00:25:38.00	2016-05-17 00:25:38.07	6	-1	1	0	0	0	0	0	0	0	0	0	0
556	2016-05-17 00:27:52.50	2016-05-17 00:27:52.56	6	-1	1	0	0	0	0	0	0	0	0	0	0
556	2016-05-17 00:27:53.31	2016-05-17 00:27:53.39	6	-1	1	0	0	0	0	0	0	0	0	0	0
556	2016-05-17 00:27:53.53	2016-05-17 00:27:53.56	6	-1	1	0	0	0	0	0	0	0	0	0	0
556	2016-05-17 00:27:53.70	2016-05-17 00:27:54.18	6	-1	1	0	0	0	0	0	0	0	0	0	0
556	2016-05-17 00:27:55.18	2016-05-17 00:27:55.73	6	-1	1	0	0	0	0	0	0	0	0	0	0
556	2016-05-17 00:27:56.12	2016-05-17 00:27:56.84	6	-1	1	0	0	0	0	0	0	0	0	0	0
558	2016-05-17 00:28:31.51	2016-05-17 00:28:31.59	5	1	0	0	0	0	0	0	0	0	0	0	0
558	2016-05-17 00:28:31.62	2016-05-17 00:28:31.73	5	1	0	0	0	0	0	0	0	0	0	0	0
558	2016-05-17 00:28:31.78	2016-05-17 00:28:31.85	5	1	0	0	0	0	0	0	0	0	0	0	0
558	2016-05-17 00:28:31.90	2016-05-17 00:28:32.17	5	1	0	0	0	0	0	0	0	0	0	0	0
558	2016-05-17 00:28:32.82	2016-05-17 00:28:32.92	5	1	0	0	0	0	0	0	0	0	0	0	0
559	2016-05-17 00:29:25.81	2016-05-17 00:29:26.01	6	-1	1	0	0	0	0	0	0	0	0	0	0
559	2016-05-17 00:29:27.29	2016-05-17 00:29:28.03	6	-1	1	0	0	0	0	0	0	0	0	0	0
559	2016-05-17 00:29:28.92	2016-05-17 00:29:29.07	6	-1	1	0	0	0	0	0	0	0	0	0	0
563	2016-05-17 00:31:41.07	2016-05-17 00:31:41.50	5	1	0	0	0	0	0	0	0	0	0	0	0
564	2016-05-17 00:32:15.00	2016-05-17 00:32:15.42	5	1	0	0	0	0	0	0	0	0	0	0	0
567	2016-05-17 00:35:20.85	2016-05-17 00:35:21.15	5	1	0	0	0	0	0	0	0	0	0	0	0
569	2016-05-17 00:38:25.57	2016-05-17 00:38:26.15	6	-1	1	0	0	0	0	0	0	0	0	0	0
569	2016-05-17 00:38:29.40	2016-05-17 00:38:30.20	5	1	0	0	0	0	0	0	0	0	0	0	0
569	2016-05-17 00:38:47.73	2016-05-17 00:38:47.93	6	-1	1	0	0	0	0	0	0	0	0	0	0
569	2016-05-17 00:38:48.01	2016-05-17 00:38:48.03	6	-1	1	0	0	0	0	0	0	0	0	0	0
569	2016-05-17 00:38:48.09	2016-05-17 00:38:48.15	6	-1	1	0	0	0	0	0	0	0	0	0	0
569	2016-05-17 00:38:48.23	2016-05-17 00:38:48.28	6	-1	1	0	0	0	0	0	0	0	0	0	0
569	2016-05-17 00:38:48.31	2016-05-17 00:38:48.34	6	-1	1	0	0	0	0	0	0	0	0	0	0
569	2016-05-17 00:38:48.42	2016-05-17 00:38:48.43	6	-1	1	0	0	0	0	0	0	0	0	0	0
569	2016-05-17 00:38:48.51	2016-05-17 00:38:48.67	6	-1	1	0	0	0	0	0	0	0	0	0	0
569	2016-05-17 00:38:48.68	2016-05-17 00:38:48.81	6	-1	1	0	0	0	0	0	0	0	0	0	0
569	2016-05-17 00:38:48.95	2016-05-17 00:38:49.03	6	-1	1	0	0	0	0	0	0	0	0	0	0
572	2016-05-17 00:39:08.67	2016-05-17 00:39:09.73	5	1	0	0	0	0	0	0	0	0	0	0	0
572	2016-05-17 00:39:11.37	2016-05-17 00:39:11.46	5	1	0	0	0	0	0	0	0	0	0	0	0
572	2016-05-17 00:39:11.48	2016-05-17 00:39:11.68	5	1	0	0	0	0	0	0	0	0	0	0	0
573	2016-05-17 00:40:15.45	2016-05-17 00:40:15.59	6	-1	1	0	0	0	0	0	0	0	0	0	0
574	2016-05-17 00:41:09.42	2016-05-17 00:41:09.67	6	-1	1	0	0	0	0	0	0	0	0	0	0
574	2016-05-17 00:41:20.92	2016-05-17 00:41:21.09	6	-1	1	0	0	0	0	0	0	0	0	0	0
574	2016-05-17 00:41:38.59	2016-05-17 00:41:38.64	6	-1	1	0	0	0	0	0	0	0	0	0	0
576	2016-05-17 00:42:36.51	2016-05-17 00:42:37.32	6	-1	1	0	0	0	0	0	0	0	0	0	0
576	2016-05-17 00:42:43.06	2016-05-17 00:42:43.15	6	-1	1	0	0	0	0	0	0	0	0	0	0
576	2016-05-17 00:42:44.10	2016-05-17 00:42:44.17	6	-1	1	0	0	0	0	0	0	0	0	0	0
576	2016-05-17 00:42:54.81	2016-05-17 00:42:56.37	6	-1	1	0	0	0	0	0	0	0	0	0	0
577	2016-05-17 00:43:05.28	2016-05-17 00:43:06.46	5	1	0	0	0	0	0	0	0	0	0	0	0
580	2016-05-17 00:56:24.82	2016-05-17 00:56:25.53	6	-1	1	0	0	0	0	0	0	0	0	0	0
580	2016-05-17 00:56:27.93	2016-05-17 00:56:28.45	5	1	0	0	0	0	0	0	0	0	0	0	0
580	2016-05-17 00:56:39.56	2016-05-17 00:56:39.59	6	-1	1	0	0	0	0	0	0	0	0	0	0
580	2016-05-17 00:56:40.51	2016-05-17 00:56:41.15	6	-1	1	0	0	0	0	0	0	0	0	0	0
580	2016-05-17 00:56:42.31	2016-05-17 00:56:42.45	6	-1	1	0	0	0	0	0	0	0	0	0	0
580	2016-05-17 00:56:43.09	2016-05-17 00:56:43.40	6	-1	1	0	0	0	0	0	0	0	0	0	0
580	2016-05-17 00:56:44.45	2016-05-17 00:56:44.76	6	-1	1	0	0	0	0	0	0	0	0	0	0
580	2016-05-17 00:56:44.84	2016-05-17 00:56:44.93	6	-1	1	0	0	0	0	0	0	0	0	0	0
580	2016-05-17 00:56:45.79	2016-05-17 00:56:45.81	6	-1	1	0	0	0	0	0	0	0	0	0	0
580	2016-05-17 00:56:47.04	2016-05-17 00:56:47.23	6	-1	1	0	0	0	0	0	0	0	0	0	0
583	2016-05-17 00:57:54.67	2016-05-17 00:57:55.21	6	-1	1	0	0	0	0	0	0	0	0	0	0
583	2016-05-17 00:57:55.34	2016-05-17 00:57:55.35	6	-1	1	0	0	0	0	0	0	0	0	0	0
583	2016-05-17 00:57:54.45	2016-05-17 00:57:56.39	5	1	0	0	0	0	0	0	0	0	0	0	0
583	2016-05-17 00:57:56.42	2016-05-17 00:57:56.50	5	1	0	0	0	0	0	0	0	0	0	0	0
584	2016-05-17 00:58:18.31	2016-05-17 00:58:19.10	6	-1	1	0	0	0	0	0	0	0	0	0	0
584	2016-05-17 00:58:19.95	2016-05-17 00:58:20.40	6	-1	1	0	0	0	0	0	0	0	0	0	0
584	2016-05-17 00:58:47.34	2016-05-17 00:58:47.35	6	-1	1	0	0	0	0	0	0	0	0	0	0
584	2016-05-17 00:58:47.39	2016-05-17 00:58:47.62	6	-1	1	0	0	0	0	0	0	0	0	0	0
584	2016-05-17 00:59:54.10	2016-05-17 00:59:54.14	6	-1	1	0	0	0	0	0	0	0	0	0	0
585	2016-05-17 01:02:10.53	2016-05-17 01:02:11.10	5	1	0	0	0	0	0	0	0	0	0	0	0
585	2016-05-17 01:02:19.43	2016-05-17 01:02:20.17	6	-1	1	0	0	0	0	0	0	0	0	0	0
585	2016-05-17 01:03:00.87	2016-05-17 01:03:01.39	6	-1	1	0	0	0	0	0	0	0	0	0	0
585	2016-05-17 01:03:09.82	2016-05-17 01:03:10.67	5	1	0	0	0	0	0	0	0	0	0	0	0
585	2016-05-17 01:03:39.26	2016-05-17 01:03:39.60	6	-1	1	0	0	0	0	0	0	0	0	0	0
585	2016-05-17 01:03:41.45	2016-05-17 01:03:41.59	6	-1	1	0	0	0	0	0	0	0	0	0	0
585	2016-05-17 01:03:42.34	2016-05-17 01:03:43.07	6	-1	1	0	0	0	0	0	0	0	0	0	0
585	2016-05-17 01:03:56.82	2016-05-17 01:03:57.23	6	-1	1	0	0	0	0	0	0	0	0	0	0
585	2016-05-17 01:03:58.20	2016-05-17 01:03:58.23	6	-1	1	0	0	0	0	0	0	0	0	0	0
585	2016-05-17 01:03:58.26	2016-05-17 01:03:58.71	6	-1	1	0	0	0	0	0	0	0	0	0	0
585	2016-05-17 01:03:59.01	2016-05-17 01:03:59.28	6	-1	1	0	0	0	0	0	0	0	0	0	0
585	2016-05-17 01:04:00.68	2016-05-17 01:04:01.62	6	-1	1	0	0	0	0	0	0	0	0	0	0
585	2016-05-17 01:04:15.40	2016-05-17 01:04:15.84	6	-1	1	0	0	0	0	0	0	0	0	0	0
585	2016-05-17 01:04:22.65	2016-05-17 01:04:23.28	6	-1	1	0	0	0	0	0	0	0	0	0	0
585	2016-05-17 01:04:24.76	2016-05-17 01:04:24.78	6	-1	1	0	0	0	0	0	0	0	0	0	0
585	2016-05-17 01:04:33.37	2016-05-17 01:04:33.50	6	-1	1	0	0	0	0	0	0	0	0	0	0
592	2016-05-17 01:30:04.26	2016-05-17 01:30:05.00	6	-1	1	0	0	0	0	0	0	0	0	0	0
593	2016-05-17 01:33:37.14	2016-05-17 01:33:37.45	5	1	0	0	0	0	0	0	0	0	0	0	0
594	2016-05-17 01:48:13.84	2016-05-17 01:48:14.31	6	-1	1	0	0	0	0	0	0	0	0	0	0
595	2016-05-17 01:53:08.12	2016-05-17 01:53:08.29	5	1	0	0	0	0	0	0	0	0	0	0	0
596	2016-05-17 01:53:27.12	2016-05-17 01:53:27.68	6	-1	1	0	0	0	0	0	0	0	0	0	0
596	2016-05-17 01:53:27.93	2016-05-17 01:53:28.00	6	-1	1	0	0	0	0	0	0	0	0	0	0
598	2016-05-17 02:00:06.95	2016-05-17 02:00:07.62	6	-1	1	0	0	0	0	0	0	0	0	0	0
599	2016-05-17 02:02:42.21	2016-05-17 02:02:42.70	6	-1	1	0	0	0	0	0	0	0	0	0	0
600	2016-05-17 02:04:09.45	2016-05-17 02:04:09.68	6	-1	1	0	0	0	0	0	0	0	0	0	0
600	2016-05-17 02:04:21.14	2016-05-17 02:04:21.43	6	-1	1	0	0	0	0	0	0	0	0	0	0
603	2016-05-17 02:12:02.45	2016-05-17 02:12:02.95	6	-1	1	0	0	0	0	0	0	0	0	0	0
604	2016-05-17 02:18:52.40	2016-05-17 02:18:52.82	5	1	0	0	0	0	0	0	0	0	0	0	0
605	2016-05-17 02:23:13.96	2016-05-17 02:23:14.29	6	-1	1	0	0	0	0	0	0	0	0	0	0
606	2016-05-17 02:29:38.46	2016-05-17 02:29:39.37	6	-1	1	0	0	0	0	0	0	0	0	0	0
606	2016-05-17 02:29:42.84	2016-05-17 02:29:43.57	5	1	0	0	0	0	0	0	0	0	0	0	0
608	2016-05-17 02:47:26.01	2016-05-17 02:47:26.62	5	1	0	0	0	0	0	0	0	0	0	0	0
608	2016-05-17 02:47:32.42	2016-05-17 02:47:33.35	6	-1	1	0	0	0	0	0	0	0	0	0	0
608	2016-05-17 02:47:36.85	2016-05-17 02:47:37.37	5	1	0	0	0	0	0	0	0	0	0	0	0
608	2016-05-17 02:47:39.71	2016-05-17 02:47:39.92	6	-1	1	0	0	0	0	0	0	0	0	0	0
609	2016-05-17 03:11:36.23	2016-05-17 03:11:36.37	6	-1	1	0	0	0	0	0	0	0	0	0	0
610	2016-05-17 03:11:59.53	2016-05-17 03:11:59.62	6	-1	1	0	0	0	0	0	0	0	0	0	0
611	2016-05-17 03:26:57.50	2016-05-17 03:26:58.10	6	-1	1	0	0	0	0	0	0	0	0	0	0
612	2016-05-17 04:03:40.60	2016-05-17 04:03:40.68	5	1	0	0	0	0	0	0	0	0	0	0	0
612	2016-05-17 04:03:41.35	2016-05-17 04:03:41.62	6	-1	1	0	0	0	0	0	0	0	0	0	0
612	2016-05-17 04:03:50.64	2016-05-17 04:03:51.18	5	1	0	0	0	0	0	0	0	0	0	0	0
614	2016-05-17 04:04:05.45	2016-05-17 04:04:06.14	6	-1	1	0	0	0	0	0	0	0	0	0	0
614	2016-05-17 04:04:12.50	2016-05-17 04:04:12.96	6	-1	1	0	0	0	0	0	0	0	0	0	0
614	2016-05-17 04:04:12.98	2016-05-17 04:04:13.03	6	-1	1	0	0	0	0	0	0	0	0	0	0
614	2016-05-17 04:04:21.68	2016-05-17 04:04:21.73	6	-1	1	0	0	0	0	0	0	0	0	0	0
614	2016-05-17 04:04:21.78	2016-05-17 04:04:21.89	6	-1	1	0	0	0	0	0	0	0	0	0	0
617	2016-05-17 06:14:40.62	2016-05-17 06:14:41.25	6	-1	1	0	0	0	0	0	0	0	0	0	0
617	2016-05-17 06:14:41.35	2016-05-17 06:14:41.39	6	-1	1	0	0	0	0	0	0	0	0	0	0
617	2016-05-17 06:14:42.37	2016-05-17 06:14:42.96	5	1	0	0	0	0	0	0	0	0	0	0	0
618	2016-05-17 06:25:07.95	2016-05-17 06:25:08.50	5	1	0	0	0	0	0	0	0	0	0	0	0
619	2016-05-17 06:33:35.00	2016-05-17 06:33:35.09	6	-1	1	0	0	0	0	0	0	0	0	0	0
621	2016-05-17 06:37:18.37	2016-05-17 06:37:18.53	6	-1	1	0	0	0	0	0	0	0	0	0	0
623	2016-05-17 06:53:48.21	2016-05-17 06:53:48.76	6	-1	1	0	0	0	0	0	0	0	0	0	0
624	2016-05-17 07:04:52.31	2016-05-17 07:04:52.84	5	1	0	0	0	0	0	0	0	0	0	0	0
627	2016-05-17 07:20:39.56	2016-05-17 07:20:39.76	6	-1	1	0	0	0	0	0	0	0	0	0	0
627	2016-05-17 07:20:44.40	2016-05-17 07:20:46.10	5	1	0	0	0	0	0	0	0	0	0	0	0
627	2016-05-17 07:20:48.76	2016-05-17 07:20:48.89	5	1	0	0	0	0	0	0	0	0	0	0	0
627	2016-05-17 07:20:48.98	2016-05-17 07:20:49.45	6	-1	1	0	0	0	0	0	0	0	0	0	0
627	2016-05-17 07:20:48.90	2016-05-17 07:20:49.84	5	1	0	0	0	0	0	0	0	0	0	0	0
627	2016-05-17 07:20:49.78	2016-05-17 07:20:51.54	6	-1	1	0	0	0	0	0	0	0	0	0	0
627	2016-05-17 07:20:51.70	2016-05-17 07:20:51.78	6	-1	1	0	0	0	0	0	0	0	0	0	0
628	2016-05-17 07:21:01.71	2016-05-17 07:21:01.75	6	-1	1	0	0	0	0	0	0	0	0	0	0
628	2016-05-17 07:21:11.78	2016-05-17 07:21:12.42	5	1	0	0	0	0	0	0	0	0	0	0	0
628	2016-05-17 07:21:12.56	2016-05-17 07:21:16.35	5	1	0	0	0	0	0	0	0	0	0	0	0
629	2016-05-17 07:21:27.48	2016-05-17 07:21:27.85	5	1	0	0	0	0	0	0	0	0	0	0	0
630	2016-05-17 07:26:14.10	2016-05-17 07:26:14.67	5	1	0	0	0	0	0	0	0	0	0	0	0
630	2016-05-17 07:26:20.29	2016-05-17 07:26:20.59	6	-1	1	0	0	0	0	0	0	0	0	0	0
630	2016-05-17 07:26:26.43	2016-05-17 07:26:26.85	5	1	0	0	0	0	0	0	0	0	0	0	0
631	2016-05-17 07:26:39.62	2016-05-17 07:26:40.64	5	1	0	0	0	0	0	0	0	0	0	0	0
634	2016-05-17 07:33:02.50	2016-05-17 07:33:03.01	6	-1	1	0	0	0	0	0	0	0	0	0	0
634	2016-05-17 07:33:03.04	2016-05-17 07:33:03.10	6	-1	1	0	0	0	0	0	0	0	0	0	0
634	2016-05-17 07:33:04.60	2016-05-17 07:33:05.09	6	-1	1	0	0	0	0	0	0	0	0	0	0
636	2016-05-17 07:50:57.09	2016-05-17 07:50:57.70	6	-1	1	0	0	0	0	0	0	0	0	0	0
636	2016-05-17 07:51:22.62	2016-05-17 07:51:22.67	6	-1	1	0	0	0	0	0	0	0	0	0	0
637	2016-05-17 07:51:54.75	2016-05-17 07:51:54.96	6	-1	1	0	0	0	0	0	0	0	0	0	0
637	2016-05-17 07:51:55.10	2016-05-17 07:51:55.17	6	-1	1	0	0	0	0	0	0	0	0	0	0
637	2016-05-17 07:51:55.43	2016-05-17 07:51:55.89	6	-1	1	0	0	0	0	0	0	0	0	0	0
637	2016-05-17 07:52:26.85	2016-05-17 07:52:27.21	6	-1	1	0	0	0	0	0	0	0	0	0	0
637	2016-05-17 07:52:28.85	2016-05-17 07:52:29.59	6	-1	1	0	0	0	0	0	0	0	0	0	0
637	2016-05-17 07:52:31.06	2016-05-17 07:52:31.90	6	-1	1	0	0	0	0	0	0	0	0	0	0
637	2016-05-17 07:53:31.29	2016-05-17 07:53:31.54	6	-1	1	0	0	0	0	0	0	0	0	0	0
637	2016-05-17 07:53:31.67	2016-05-17 07:53:34.51	6	-1	1	0	0	0	0	0	0	0	0	0	0
637	2016-05-17 07:53:36.43	2016-05-17 07:53:36.48	6	-1	1	0	0	0	0	0	0	0	0	0	0
637	2016-05-17 07:54:23.21	2016-05-17 07:54:23.43	6	-1	1	0	0	0	0	0	0	0	0	0	0
640	2016-05-17 09:13:30.07	2016-05-17 09:13:31.40	6	-1	1	0	0	0	0	0	0	0	0	0	0
640	2016-05-17 09:13:41.70	2016-05-17 09:13:41.73	6	-1	1	0	0	0	0	0	0	0	0	0	0
640	2016-05-17 09:13:42.10	2016-05-17 09:13:42.89	6	-1	1	0	0	0	0	0	0	0	0	0	0
640	2016-05-17 09:13:48.20	2016-05-17 09:13:49.14	6	-1	1	0	0	0	0	0	0	0	0	0	0
640	2016-05-17 09:13:50.95	2016-05-17 09:13:51.35	6	-1	1	0	0	0	0	0	0	0	0	0	0
640	2016-05-17 09:14:05.06	2016-05-17 09:14:06.60	5	1	0	0	0	0	0	0	0	0	0	0	0
640	2016-05-17 09:14:43.84	2016-05-17 09:14:44.54	5	1	0	0	0	0	0	0	0	0	0	0	0
640	2016-05-17 09:14:50.75	2016-05-17 09:14:51.21	5	1	0	0	0	0	0	0	0	0	0	0	0
642	2016-05-17 09:15:37.85	2016-05-17 09:15:38.79	5	1	0	0	0	0	0	0	0	0	0	0	0
642	2016-05-17 09:15:45.56	2016-05-17 09:15:46.50	5	1	0	0	0	0	0	0	0	0	0	0	0
642	2016-05-17 09:15:47.84	2016-05-17 09:15:47.85	5	1	0	0	0	0	0	0	0	0	0	0	0
642	2016-05-17 09:15:51.00	2016-05-17 09:15:51.35	6	-1	1	0	0	0	0	0	0	0	0	0	0
642	2016-05-17 09:15:51.14	2016-05-17 09:15:51.45	5	1	0	0	0	0	0	0	0	0	0	0	0
642	2016-05-17 09:15:51.43	2016-05-17 09:15:51.73	6	-1	1	0	0	0	0	0	0	0	0	0	0
642	2016-05-17 09:15:51.81	2016-05-17 09:15:52.12	6	-1	1	0	0	0	0	0	0	0	0	0	0
642	2016-05-17 09:15:51.95	2016-05-17 09:15:53.03	5	1	0	0	0	0	0	0	0	0	0	0	0
642	2016-05-17 09:15:53.10	2016-05-17 09:15:53.28	5	1	0	0	0	0	0	0	0	0	0	0	0
643	2016-05-17 09:16:02.39	2016-05-17 09:16:02.59	5	1	0	0	0	0	0	0	0	0	0	0	0
643	2016-05-17 09:16:06.46	2016-05-17 09:16:07.78	6	-1	1	0	0	0	0	0	0	0	0	0	0
643	2016-05-17 09:16:08.46	2016-05-17 09:16:09.48	6	-1	1	0	0	0	0	0	0	0	0	0	0
643	2016-05-17 09:16:26.14	2016-05-17 09:16:26.23	5	1	0	0	0	0	0	0	0	0	0	0	0
644	2016-05-17 09:16:57.34	2016-05-17 09:16:58.54	5	1	0	0	0	0	0	0	0	0	0	0	0
644	2016-05-17 09:17:01.12	2016-05-17 09:17:01.51	5	1	0	0	0	0	0	0	0	0	0	0	0
645	2016-05-17 09:20:37.34	2016-05-17 09:20:38.10	5	1	0	0	0	0	0	0	0	0	0	0	0
647	2016-05-17 09:21:30.12	2016-05-17 09:21:30.37	6	-1	1	0	0	0	0	0	0	0	0	0	0
647	2016-05-17 09:21:41.03	2016-05-17 09:21:41.12	6	-1	1	0	0	0	0	0	0	0	0	0	0
648	2016-05-17 09:31:46.78	2016-05-17 09:31:47.26	5	1	0	0	0	0	0	0	0	0	0	0	0
650	2016-05-17 10:42:59.85	2016-05-17 10:43:00.59	5	1	0	0	0	0	0	0	0	0	0	0	0
