VisitID	Start	End	Side	SideCondition	SideError	TimeError	ConditionError	LickNumber	LickContactTime	LickDuration	AirState	DoorState	LED1State	LED2State	LED3State
2	2016-05-08 09:55:07.53	2016-05-08 09:55:08.60	5	1	0	0	0	0	0	0	0	0	0	0	0
2	2016-05-08 09:55:08.65	2016-05-08 09:55:11.09	5	1	0	0	0	0	0	0	0	0	0	0	0
4	2016-05-08 09:57:49.03	2016-05-08 09:57:49.04	5	1	0	0	0	0	0	0	0	0	0	0	0
4	2016-05-08 09:57:49.35	2016-05-08 09:57:49.37	5	1	0	0	0	0	0	0	0	0	0	0	0
4	2016-05-08 09:57:49.56	2016-05-08 09:58:16.89	5	1	0	0	0	0	0	0	0	0	0	0	0
5	2016-05-08 10:00:43.53	2016-05-08 10:00:43.84	5	1	0	0	0	0	0	0	0	0	0	0	0
5	2016-05-08 10:00:44.12	2016-05-08 10:00:47.81	5	1	0	0	0	0	0	0	0	0	0	0	0
5	2016-05-08 10:00:50.34	2016-05-08 10:00:50.95	5	1	0	0	0	0	0	0	0	0	0	0	0
6	2016-05-08 10:01:46.82	2016-05-08 10:01:52.59	5	1	0	0	0	0	0	0	0	0	0	0	0
7	2016-05-08 10:02:37.35	2016-05-08 10:02:38.00	5	1	0	0	0	0	0	0	0	0	0	0	0
7	2016-05-08 10:02:38.07	2016-05-08 10:02:43.84	5	1	0	0	0	0	0	0	0	0	0	0	0
8	2016-05-08 10:02:51.39	2016-05-08 10:02:51.42	5	1	0	0	0	0	0	0	0	0	0	0	0
8	2016-05-08 10:02:51.43	2016-05-08 10:02:53.48	5	1	0	0	0	0	0	0	0	0	0	0	0
8	2016-05-08 10:02:53.59	2016-05-08 10:02:53.87	5	1	0	0	0	0	0	0	0	0	0	0	0
9	2016-05-08 10:04:03.23	2016-05-08 10:04:04.92	5	1	0	0	0	0	0	0	0	0	0	0	0
10	2016-05-08 10:04:57.60	2016-05-08 10:05:38.10	5	1	0	0	0	0	0	0	0	0	0	0	0
11	2016-05-08 10:07:31.54	2016-05-08 10:07:36.73	5	1	0	0	0	0	0	0	0	0	0	0	0
11	2016-05-08 10:07:40.50	2016-05-08 10:07:41.23	5	1	0	0	0	0	0	0	0	0	0	0	0
11	2016-05-08 10:07:42.14	2016-05-08 10:07:43.39	5	1	0	0	0	0	0	0	0	0	0	0	0
11	2016-05-08 10:07:44.20	2016-05-08 10:07:44.96	5	1	0	0	0	0	0	0	0	0	0	0	0
13	2016-05-08 10:09:02.09	2016-05-08 10:09:04.78	5	1	0	0	0	0	0	0	0	0	0	0	0
13	2016-05-08 10:09:04.85	2016-05-08 10:09:05.59	5	1	0	0	0	0	0	0	0	0	0	0	0
14	2016-05-08 10:09:16.31	2016-05-08 10:09:17.76	5	1	0	0	0	0	0	0	0	0	0	0	0
14	2016-05-08 10:09:18.75	2016-05-08 10:09:18.78	5	1	0	0	0	0	0	0	0	0	0	0	0
14	2016-05-08 10:09:19.51	2016-05-08 10:09:20.65	5	1	0	0	0	0	0	0	0	0	0	0	0
15	2016-05-08 10:09:40.92	2016-05-08 10:09:47.70	5	1	0	0	0	0	0	0	0	0	0	0	0
16	2016-05-08 10:10:02.46	2016-05-08 10:10:02.50	5	1	0	0	0	0	0	0	0	0	0	0	0
16	2016-05-08 10:10:02.59	2016-05-08 10:10:03.18	5	1	0	0	0	0	0	0	0	0	0	0	0
17	2016-05-08 10:12:29.51	2016-05-08 10:12:31.56	5	1	0	0	0	0	0	0	0	0	0	0	0
18	2016-05-08 10:12:45.04	2016-05-08 10:12:45.15	5	1	0	0	0	0	0	0	0	0	0	0	0
18	2016-05-08 10:12:45.45	2016-05-08 10:12:46.28	5	1	0	0	0	0	0	0	0	0	0	0	0
19	2016-05-08 10:13:14.53	2016-05-08 10:13:15.20	5	1	0	0	0	0	0	0	0	0	0	0	0
19	2016-05-08 10:13:15.28	2016-05-08 10:13:16.31	5	1	0	0	0	0	0	0	0	0	0	0	0
20	2016-05-08 10:14:54.18	2016-05-08 10:14:55.35	5	1	0	0	0	0	0	0	0	0	0	0	0
20	2016-05-08 10:14:55.43	2016-05-08 10:14:56.29	5	1	0	0	0	0	0	0	0	0	0	0	0
20	2016-05-08 10:14:57.31	2016-05-08 10:14:58.56	5	1	0	0	0	0	0	0	0	0	0	0	0
20	2016-05-08 10:15:08.40	2016-05-08 10:15:10.09	5	1	0	0	0	0	0	0	0	0	0	0	0
21	2016-05-08 10:19:19.81	2016-05-08 10:19:20.43	5	1	0	0	0	0	0	0	0	0	0	0	0
24	2016-05-08 10:20:52.39	2016-05-08 10:20:54.12	5	1	0	0	0	0	0	0	0	0	0	0	0
27	2016-05-08 10:22:12.23	2016-05-08 10:22:12.42	5	1	0	0	0	0	0	0	0	0	0	0	0
27	2016-05-08 10:22:12.57	2016-05-08 10:22:15.03	5	1	0	0	0	0	0	0	0	0	0	0	0
28	2016-05-08 10:22:20.53	2016-05-08 10:22:21.06	5	1	0	0	0	0	0	0	0	0	0	0	0
29	2016-05-08 10:23:40.37	2016-05-08 10:23:41.17	5	1	0	0	0	0	0	0	0	0	0	0	0
31	2016-05-08 10:25:46.26	2016-05-08 10:25:46.84	5	1	0	0	0	0	0	0	0	0	0	0	0
32	2016-05-08 10:25:54.01	2016-05-08 10:25:54.29	6	-1	1	0	0	0	0	0	0	0	0	0	0
32	2016-05-08 10:25:54.37	2016-05-08 10:25:56.07	6	-1	1	0	0	0	0	0	0	0	0	0	0
33	2016-05-08 10:26:04.39	2016-05-08 10:26:04.67	5	1	0	0	0	0	0	0	0	0	0	0	0
34	2016-05-08 10:26:08.59	2016-05-08 10:26:08.67	5	1	0	0	0	0	0	0	0	0	0	0	0
35	2016-05-08 10:28:51.59	2016-05-08 10:28:55.48	5	1	0	0	0	0	0	0	0	0	0	0	0
35	2016-05-08 10:28:56.60	2016-05-08 10:28:57.78	5	1	0	0	0	0	0	0	0	0	0	0	0
37	2016-05-08 10:32:07.21	2016-05-08 10:32:08.03	5	1	0	0	0	0	0	0	0	0	0	0	0
37	2016-05-08 10:32:08.17	2016-05-08 10:32:08.78	5	1	0	0	0	0	0	0	0	0	0	0	0
37	2016-05-08 10:32:23.39	2016-05-08 10:32:23.76	6	-1	1	0	0	0	0	0	0	0	0	0	0
37	2016-05-08 10:32:26.51	2016-05-08 10:32:26.65	5	1	0	0	0	0	0	0	0	0	0	0	0
37	2016-05-08 10:32:26.67	2016-05-08 10:32:26.70	5	1	0	0	0	0	0	0	0	0	0	0	0
37	2016-05-08 10:32:26.96	2016-05-08 10:32:27.07	5	1	0	0	0	0	0	0	0	0	0	0	0
37	2016-05-08 10:32:27.09	2016-05-08 10:32:27.35	5	1	0	0	0	0	0	0	0	0	0	0	0
37	2016-05-08 10:32:27.51	2016-05-08 10:32:27.75	5	1	0	0	0	0	0	0	0	0	0	0	0
37	2016-05-08 10:32:27.84	2016-05-08 10:32:28.04	5	1	0	0	0	0	0	0	0	0	0	0	0
37	2016-05-08 10:32:32.76	2016-05-08 10:32:33.98	5	1	0	0	0	0	0	0	0	0	0	0	0
40	2016-05-08 10:36:25.40	2016-05-08 10:36:26.15	5	1	0	0	0	0	0	0	0	0	0	0	0
42	2016-05-08 10:37:23.23	2016-05-08 10:37:23.68	5	1	0	0	0	0	0	0	0	0	0	0	0
43	2016-05-08 10:37:32.57	2016-05-08 10:37:34.23	5	1	0	0	0	0	0	0	0	0	0	0	0
44	2016-05-08 10:38:42.29	2016-05-08 10:38:44.06	5	1	0	0	0	0	0	0	0	0	0	0	0
45	2016-05-08 10:39:43.07	2016-05-08 10:39:43.28	6	-1	1	0	0	0	0	0	0	0	0	0	0
47	2016-05-08 10:45:37.51	2016-05-08 10:45:37.59	5	1	0	0	0	0	0	0	0	0	0	0	0
47	2016-05-08 10:45:39.70	2016-05-08 10:45:40.34	5	1	0	0	0	0	0	0	0	0	0	0	0
47	2016-05-08 10:45:40.45	2016-05-08 10:45:40.81	5	1	0	0	0	0	0	0	0	0	0	0	0
49	2016-05-08 10:50:38.29	2016-05-08 10:50:39.53	5	1	0	0	0	0	0	0	0	0	0	0	0
52	2016-05-08 13:45:12.12	2016-05-08 13:45:13.64	5	1	0	0	0	0	0	0	0	0	0	0	0
53	2016-05-08 13:51:59.31	2016-05-08 13:52:00.85	5	1	0	0	0	0	0	0	0	0	0	0	0
54	2016-05-08 15:09:23.56	2016-05-08 15:09:24.90	5	1	0	0	0	0	0	0	0	0	0	0	0
55	2016-05-08 15:09:31.84	2016-05-08 15:09:33.20	5	1	0	0	0	0	0	0	0	0	0	0	0
57	2016-05-08 15:17:12.32	2016-05-08 15:17:13.37	5	1	0	0	0	0	0	0	0	0	0	0	0
59	2016-05-08 16:17:24.82	2016-05-08 16:17:25.90	5	1	0	0	0	0	0	0	0	0	0	0	0
60	2016-05-08 16:33:09.67	2016-05-08 16:33:10.48	5	1	0	0	0	0	0	0	0	0	0	0	0
61	2016-05-08 16:36:34.06	2016-05-08 16:36:35.04	5	1	0	0	0	0	0	0	0	0	0	0	0
62	2016-05-08 16:40:50.01	2016-05-08 16:40:51.32	5	1	0	0	0	0	0	0	0	0	0	0	0
64	2016-05-08 17:08:46.95	2016-05-08 17:08:47.06	5	1	0	0	0	0	0	0	0	0	0	0	0
64	2016-05-08 17:08:47.14	2016-05-08 17:08:48.25	5	1	0	0	0	0	0	0	0	0	0	0	0
67	2016-05-08 17:31:05.90	2016-05-08 17:31:07.46	5	1	0	0	0	0	0	0	0	0	0	0	0
70	2016-05-08 18:29:12.39	2016-05-08 18:29:13.06	5	1	0	0	0	0	0	0	0	0	0	0	0
72	2016-05-08 18:29:49.53	2016-05-08 18:29:50.28	5	1	0	0	0	0	0	0	0	0	0	0	0
73	2016-05-08 18:30:00.78	2016-05-08 18:30:01.40	5	1	0	0	0	0	0	0	0	0	0	0	0
74	2016-05-08 18:30:05.89	2016-05-08 18:30:06.84	5	1	0	0	0	0	0	0	0	0	0	0	0
74	2016-05-08 18:30:11.40	2016-05-08 18:30:11.54	6	-1	1	0	0	0	0	0	0	0	0	0	0
76	2016-05-08 18:31:43.09	2016-05-08 18:31:43.28	5	1	0	0	0	0	0	0	0	0	0	0	0
78	2016-05-08 18:32:06.04	2016-05-08 18:32:06.10	5	1	0	0	0	0	0	0	0	0	0	0	0
79	2016-05-08 18:32:18.07	2016-05-08 18:32:19.82	5	1	0	0	0	0	0	0	0	0	0	0	0
79	2016-05-08 18:32:20.81	2016-05-08 18:32:22.35	5	1	0	0	0	0	0	0	0	0	0	0	0
80	2016-05-08 18:32:37.28	2016-05-08 18:32:37.54	6	-1	1	0	0	0	0	0	0	0	0	0	0
80	2016-05-08 18:32:37.29	2016-05-08 18:32:37.98	5	1	0	0	0	0	0	0	0	0	0	0	0
80	2016-05-08 18:32:37.82	2016-05-08 18:32:38.84	6	-1	1	0	0	0	0	0	0	0	0	0	0
81	2016-05-08 18:32:45.93	2016-05-08 18:32:47.54	5	1	0	0	0	0	0	0	0	0	0	0	0
82	2016-05-08 18:32:51.70	2016-05-08 18:32:52.42	5	1	0	0	0	0	0	0	0	0	0	0	0
85	2016-05-08 18:34:30.82	2016-05-08 18:34:31.78	5	1	0	0	0	0	0	0	0	0	0	0	0
86	2016-05-08 18:35:46.57	2016-05-08 18:35:47.21	5	1	0	0	0	0	0	0	0	0	0	0	0
90	2016-05-08 18:42:44.67	2016-05-08 18:42:45.03	6	-1	1	0	0	0	0	0	0	0	0	0	0
90	2016-05-08 18:42:48.40	2016-05-08 18:42:48.57	6	-1	1	0	0	0	0	0	0	0	0	0	0
91	2016-05-08 18:42:54.56	2016-05-08 18:42:55.25	5	1	0	0	0	0	0	0	0	0	0	0	0
92	2016-05-08 18:43:28.48	2016-05-08 18:43:28.84	6	-1	1	0	0	0	0	0	0	0	0	0	0
92	2016-05-08 18:43:38.07	2016-05-08 18:43:38.09	5	1	0	0	0	0	0	0	0	0	0	0	0
92	2016-05-08 18:43:39.09	2016-05-08 18:43:39.10	5	1	0	0	0	0	0	0	0	0	0	0	0
92	2016-05-08 18:43:42.60	2016-05-08 18:43:42.64	5	1	0	0	0	0	0	0	0	0	0	0	0
92	2016-05-08 18:43:45.09	2016-05-08 18:43:45.64	6	-1	1	0	0	0	0	0	0	0	0	0	0
93	2016-05-08 18:45:29.40	2016-05-08 18:45:29.93	5	1	0	0	0	0	0	0	0	0	0	0	0
93	2016-05-08 18:45:33.82	2016-05-08 18:45:35.29	5	1	0	0	0	0	0	0	0	0	0	0	0
94	2016-05-08 18:51:57.42	2016-05-08 18:51:58.96	5	1	0	0	0	0	0	0	0	0	0	0	0
94	2016-05-08 18:52:00.81	2016-05-08 18:52:01.26	6	-1	1	0	0	0	0	0	0	0	0	0	0
94	2016-05-08 18:52:01.84	2016-05-08 18:52:02.20	6	-1	1	0	0	0	0	0	0	0	0	0	0
95	2016-05-08 18:52:08.03	2016-05-08 18:52:09.21	5	1	0	0	0	0	0	0	0	0	0	0	0
97	2016-05-08 18:53:08.67	2016-05-08 18:53:09.43	5	1	0	0	0	0	0	0	0	0	0	0	0
98	2016-05-08 18:55:10.70	2016-05-08 18:55:11.84	5	1	0	0	0	0	0	0	0	0	0	0	0
100	2016-05-08 18:58:50.90	2016-05-08 18:58:52.29	5	1	0	0	0	0	0	0	0	0	0	0	0
101	2016-05-08 19:05:02.28	2016-05-08 19:05:03.23	5	1	0	1	0	0	0	0	0	0	0	0	0
102	2016-05-08 19:09:11.81	2016-05-08 19:09:12.29	5	1	0	1	0	0	0	0	0	0	0	0	0
103	2016-05-08 19:09:59.23	2016-05-08 19:09:59.71	5	1	0	1	0	0	0	0	0	0	0	0	0
103	2016-05-08 19:10:00.06	2016-05-08 19:10:00.37	5	1	0	1	0	0	0	0	0	0	0	0	0
103	2016-05-08 19:10:00.37	2016-05-08 19:10:00.57	5	1	0	1	0	0	0	0	0	0	0	0	0
105	2016-05-08 19:13:33.03	2016-05-08 19:13:39.76	5	1	0	0	0	11	0.347	1.203125	0	0	0	0	0
105	2016-05-08 19:13:39.81	2016-05-08 19:13:48.09	5	1	0	1	0	0	0	0	0	0	0	0	0
107	2016-05-08 19:14:22.25	2016-05-08 19:14:22.71	5	1	0	1	0	0	0	0	0	0	0	0	0
108	2016-05-08 19:16:00.64	2016-05-08 19:16:01.42	5	1	0	1	0	0	0	0	0	0	0	0	0
109	2016-05-08 19:19:49.79	2016-05-08 19:20:02.43	5	1	0	0	0	15	0.392	1.421875	0	0	0	0	0
110	2016-05-08 19:20:06.85	2016-05-08 19:20:07.37	5	1	0	1	0	0	0	0	0	0	0	0	0
110	2016-05-08 19:20:09.06	2016-05-08 19:20:09.21	5	1	0	1	0	0	0	0	0	0	0	0	0
111	2016-05-08 19:20:30.98	2016-05-08 19:20:44.26	5	1	0	0	0	9	0.329	0.9375	0	0	0	0	0
112	2016-05-08 19:20:56.12	2016-05-08 19:21:01.67	5	1	0	0	0	16	0.335	1.453125	0	0	0	0	0
112	2016-05-08 19:21:01.70	2016-05-08 19:21:02.04	5	1	0	1	0	0	0	0	0	0	0	0	0
112	2016-05-08 19:21:02.07	2016-05-08 19:21:02.15	5	1	0	1	0	0	0	0	0	0	0	0	0
112	2016-05-08 19:21:02.37	2016-05-08 19:21:03.15	5	1	0	1	0	0	0	0	0	0	0	0	0
112	2016-05-08 19:21:03.18	2016-05-08 19:21:16.50	5	1	0	1	0	0	0	0	0	0	0	0	0
113	2016-05-08 19:25:28.57	2016-05-08 19:25:33.65	5	1	0	0	0	4	0.102	0.390625	0	0	0	0	0
114	2016-05-08 19:27:14.89	2016-05-08 19:27:26.18	5	1	0	0	0	21	0.59	2.109375	0	0	0	0	0
115	2016-05-08 19:27:30.48	2016-05-08 19:27:36.51	5	1	0	0	0	15	0.377	1.4375	0	0	0	0	0
115	2016-05-08 19:27:36.57	2016-05-08 19:27:36.90	5	1	0	1	0	0	0	0	0	0	0	0	0
115	2016-05-08 19:27:36.93	2016-05-08 19:27:37.03	5	1	0	1	0	0	0	0	0	0	0	0	0
115	2016-05-08 19:27:37.06	2016-05-08 19:27:37.50	5	1	0	1	0	0	0	0	0	0	0	0	0
115	2016-05-08 19:27:37.54	2016-05-08 19:27:50.78	5	1	0	1	0	0	0	0	0	0	0	0	0
116	2016-05-08 19:28:32.59	2016-05-08 19:28:45.92	5	1	0	0	0	12	0.375	1.296875	0	0	0	0	0
117	2016-05-08 19:28:50.93	2016-05-08 19:28:51.03	6	-1	1	0	0	0	0	0	0	0	0	0	0
117	2016-05-08 19:28:52.10	2016-05-08 19:28:53.43	5	1	0	1	0	0	0	0	0	0	0	0	0
117	2016-05-08 19:28:55.40	2016-05-08 19:28:55.42	5	1	0	1	0	0	0	0	0	0	0	0	0
117	2016-05-08 19:28:55.46	2016-05-08 19:28:55.51	5	1	0	1	0	0	0	0	0	0	0	0	0
117	2016-05-08 19:28:55.57	2016-05-08 19:28:55.89	5	1	0	1	0	0	0	0	0	0	0	0	0
118	2016-05-08 19:29:01.45	2016-05-08 19:29:02.50	5	1	0	1	0	0	0	0	0	0	0	0	0
119	2016-05-08 19:29:58.00	2016-05-08 19:30:04.84	5	1	0	0	0	4	0.34	0.65625	0	0	0	0	0
120	2016-05-08 19:31:54.87	2016-05-08 19:32:06.89	5	1	0	0	0	4	0.13	0.453125	0	0	0	0	0
121	2016-05-08 19:33:55.23	2016-05-08 19:34:06.82	5	1	0	0	0	13	0.567	1.359375	0	0	0	0	0
122	2016-05-08 19:34:41.53	2016-05-08 19:34:56.92	5	1	0	0	0	9	0.259	0.859375	0	0	0	0	0
123	2016-05-08 19:35:02.78	2016-05-08 19:35:17.43	5	1	0	0	0	9	0.288	0.90625	0	0	0	0	0
124	2016-05-08 19:35:53.35	2016-05-08 19:36:13.85	5	1	0	0	0	12	0.346	1.1875	0	0	0	0	0
125	2016-05-08 19:38:05.39	2016-05-08 19:38:10.25	5	1	0	0	0	4	0.102	0.34375	0	0	0	0	0
126	2016-05-08 19:38:18.70	2016-05-08 19:38:25.10	5	1	0	0	0	5	0.299	0.6875	0	0	0	0	0
127	2016-05-08 19:38:32.37	2016-05-08 19:38:39.14	5	1	0	0	0	10	0.248	0.953125	0	0	0	0	0
127	2016-05-08 19:38:39.17	2016-05-08 19:38:39.25	5	1	0	1	0	0	0	0	0	0	0	0	0
128	2016-05-08 19:38:53.28	2016-05-08 19:39:01.17	5	1	0	0	0	6	0.243	0.578125	0	0	0	0	0
129	2016-05-08 19:39:05.84	2016-05-08 19:39:14.79	5	1	0	0	0	8	0.23	0.828125	0	0	0	0	0
129	2016-05-08 19:39:20.03	2016-05-08 19:39:20.15	5	1	0	1	0	0	0	0	0	0	0	0	0
130	2016-05-08 19:39:30.18	2016-05-08 19:39:41.00	5	1	0	0	0	9	0.275	0.96875	0	0	0	0	0
131	2016-05-08 19:39:51.53	2016-05-08 19:39:51.56	5	1	0	0	0	0	0	0	0	0	0	0	0
131	2016-05-08 19:39:51.76	2016-05-08 19:40:00.09	5	1	0	0	0	8	0.148	0.71875	0	0	0	0	0
131	2016-05-08 19:40:03.26	2016-05-08 19:40:03.39	5	1	0	1	0	0	0	0	0	0	0	0	0
131	2016-05-08 19:40:03.87	2016-05-08 19:40:04.17	5	1	0	1	0	0	0	0	0	0	0	0	0
132	2016-05-08 19:40:14.12	2016-05-08 19:40:22.01	5	1	0	0	0	5	0.201	0.578125	0	0	0	0	0
133	2016-05-08 19:40:32.70	2016-05-08 19:40:40.75	5	1	0	0	0	5	0.269	0.65625	0	0	0	0	0
134	2016-05-08 19:40:51.20	2016-05-08 19:40:59.32	5	1	0	0	0	5	0.173	0.59375	0	0	0	0	0
135	2016-05-08 19:41:07.57	2016-05-08 19:41:14.37	5	1	0	0	0	11	1.002	1.734375	0	0	0	0	0
135	2016-05-08 19:41:14.46	2016-05-08 19:41:14.76	5	1	0	1	0	0	0	0	0	0	0	0	0
136	2016-05-08 19:47:56.21	2016-05-08 19:48:09.92	5	1	0	0	0	9	0.301	0.9375	0	0	0	0	0
137	2016-05-08 19:48:14.71	2016-05-08 19:48:30.43	5	1	0	0	0	6	0.146	0.5625	0	0	0	0	0
138	2016-05-08 19:49:30.06	2016-05-08 19:49:48.98	5	1	0	0	0	5	0.424	0.765625	0	0	0	0	0
139	2016-05-08 19:50:01.14	2016-05-08 19:50:39.15	5	1	0	0	0	8	0.315	0.875	0	0	0	0	0
140	2016-05-08 19:50:48.42	2016-05-08 19:51:22.18	5	1	0	0	0	7	0.161	0.671875	0	0	0	0	0
140	2016-05-08 19:51:29.84	2016-05-08 19:51:30.42	5	1	0	1	0	0	0	0	0	0	0	0	0
141	2016-05-08 19:51:46.17	2016-05-08 19:51:52.00	5	1	0	0	0	7	0.175	0.75	0	0	0	0	0
142	2016-05-08 19:52:02.07	2016-05-08 19:52:09.67	5	1	0	0	0	10	0.387	1.125	0	0	0	0	0
143	2016-05-08 19:54:06.59	2016-05-08 19:54:12.59	5	1	0	0	0	17	0.747	1.765625	0	0	0	0	0
144	2016-05-08 19:54:58.53	2016-05-08 19:55:03.92	5	1	0	0	0	4	0.088	0.359375	0	0	0	0	0
145	2016-05-08 19:55:13.25	2016-05-08 19:55:19.70	5	1	0	0	0	3	0.353	0.578125	0	0	0	0	0
146	2016-05-08 19:55:27.78	2016-05-08 19:55:35.85	5	1	0	0	0	13	0.458	1.5	0	0	0	0	0
147	2016-05-08 19:55:54.92	2016-05-08 19:55:54.96	5	1	0	0	0	0	0	0	0	0	0	0	0
147	2016-05-08 19:55:55.00	2016-05-08 19:56:03.57	5	1	0	0	0	8	0.246	0.859375	0	0	0	0	0
148	2016-05-08 19:58:58.20	2016-05-08 19:59:04.53	5	1	0	0	0	7	0.357	0.859375	0	0	0	0	0
149	2016-05-08 20:08:52.28	2016-05-08 20:08:53.43	5	1	0	1	0	0	0	0	0	0	0	0	0
150	2016-05-08 20:10:44.28	2016-05-08 20:10:52.60	5	1	0	0	0	7	0.188	0.71875	0	0	0	0	0
151	2016-05-08 20:11:19.04	2016-05-08 20:11:26.40	5	1	0	0	0	10	0.303	1.015625	0	0	0	0	0
152	2016-05-08 20:11:30.85	2016-05-08 20:11:45.32	5	1	0	0	0	7	0.202	0.71875	0	0	0	0	0
153	2016-05-08 20:14:51.35	2016-05-08 20:15:03.07	5	1	0	0	0	14	0.305	1.21875	0	0	0	0	0
154	2016-05-08 20:15:07.79	2016-05-08 20:15:30.03	5	1	0	0	0	8	0.232	0.75	0	0	0	0	0
155	2016-05-08 20:15:38.04	2016-05-08 20:16:01.98	5	1	0	0	0	10	0.345	1.09375	0	0	0	0	0
156	2016-05-08 20:16:09.10	2016-05-08 20:16:32.25	5	1	0	0	0	15	0.473	1.421875	0	0	0	0	0
157	2016-05-08 20:16:38.79	2016-05-08 20:17:03.70	5	1	0	0	0	12	0.389	1.25	0	0	0	0	0
158	2016-05-08 20:18:18.20	2016-05-08 20:18:19.46	5	1	0	1	0	0	0	0	0	0	0	0	0
158	2016-05-08 20:18:20.31	2016-05-08 20:18:20.60	5	1	0	1	0	0	0	0	0	0	0	0	0
159	2016-05-08 20:20:44.39	2016-05-08 20:20:52.06	5	1	0	0	0	10	0.303	1	0	0	0	0	0
159	2016-05-08 20:20:52.12	2016-05-08 20:20:52.15	5	1	0	1	0	0	0	0	0	0	0	0	0
160	2016-05-08 20:20:57.43	2016-05-08 20:21:05.26	5	1	0	0	0	5	0.102	0.453125	0	0	0	0	0
161	2016-05-08 20:21:11.90	2016-05-08 20:21:19.70	5	1	0	0	0	10	0.177	0.875	0	0	0	0	0
162	2016-05-08 20:21:32.57	2016-05-08 20:21:33.18	5	1	0	1	0	0	0	0	0	0	0	0	0
162	2016-05-08 20:21:35.09	2016-05-08 20:21:35.46	5	1	0	1	0	0	0	0	0	0	0	0	0
163	2016-05-08 20:27:08.59	2016-05-08 20:27:16.39	5	1	0	0	0	11	0.649	1.34375	0	0	0	0	0
163	2016-05-08 20:27:16.42	2016-05-08 20:27:16.45	5	1	0	1	0	0	0	0	0	0	0	0	0
164	2016-05-08 20:27:39.85	2016-05-08 20:27:39.95	5	1	0	1	0	0	0	0	0	0	0	0	0
164	2016-05-08 20:27:40.43	2016-05-08 20:27:40.54	5	1	0	1	0	0	0	0	0	0	0	0	0
164	2016-05-08 20:27:40.89	2016-05-08 20:27:41.01	5	1	0	1	0	0	0	0	0	0	0	0	0
165	2016-05-08 20:29:21.79	2016-05-08 20:29:33.07	5	1	0	0	0	10	0.314	0.9375	0	0	0	0	0
166	2016-05-08 20:29:41.01	2016-05-08 20:29:54.81	5	1	0	0	0	11	0.261	1.09375	0	0	0	0	0
167	2016-05-08 20:30:01.34	2016-05-08 20:30:14.73	5	1	0	0	0	3	0.101	0.34375	0	0	0	0	0
168	2016-05-08 20:30:21.29	2016-05-08 20:30:24.60	5	1	0	1	0	0	0	0	0	0	0	0	0
169	2016-05-08 20:30:48.75	2016-05-08 20:30:48.90	5	1	0	1	0	0	0	0	0	0	0	0	0
170	2016-05-08 20:34:11.23	2016-05-08 20:34:20.17	5	1	0	0	0	12	0.317	1.171875	0	0	0	0	0
171	2016-05-08 20:34:27.84	2016-05-08 20:34:48.07	5	1	0	0	0	7	0.342	0.84375	0	0	0	0	0
172	2016-05-08 20:34:55.62	2016-05-08 20:35:23.95	5	1	0	0	0	8	0.259	0.796875	0	0	0	0	0
173	2016-05-08 20:37:10.39	2016-05-08 20:37:20.06	5	1	0	0	0	7	0.619	1.140625	0	0	0	0	0
174	2016-05-08 20:37:24.78	2016-05-08 20:37:35.68	5	1	0	0	0	12	0.388	1.21875	0	0	0	0	0
175	2016-05-08 20:37:47.42	2016-05-08 20:38:07.23	5	1	0	0	0	15	0.639	1.546875	0	0	0	0	0
176	2016-05-08 20:38:12.37	2016-05-08 20:38:18.70	5	1	0	0	0	16	0.463	1.53125	0	0	0	0	0
177	2016-05-08 20:38:23.29	2016-05-08 20:38:24.45	5	1	0	1	0	0	0	0	0	0	0	0	0
177	2016-05-08 20:38:26.14	2016-05-08 20:38:26.70	5	1	0	1	0	0	0	0	0	0	0	0	0
178	2016-05-08 20:38:34.18	2016-05-08 20:38:42.07	5	1	0	0	0	7	0.315	0.8125	0	0	0	0	0
178	2016-05-08 20:38:48.60	2016-05-08 20:38:48.64	5	1	0	1	0	0	0	0	0	0	0	0	0
179	2016-05-08 20:49:07.40	2016-05-08 20:49:07.43	5	1	0	1	0	0	0	0	0	0	0	0	0
179	2016-05-08 20:49:08.35	2016-05-08 20:49:08.54	5	1	0	1	0	0	0	0	0	0	0	0	0
179	2016-05-08 20:49:09.65	2016-05-08 20:49:09.85	5	1	0	1	0	0	0	0	0	0	0	0	0
180	2016-05-08 20:49:31.29	2016-05-08 20:49:36.20	5	1	0	0	0	5	0.145	0.46875	0	0	0	0	0
181	2016-05-08 20:49:41.00	2016-05-08 20:49:41.42	5	1	0	1	0	0	0	0	0	0	0	0	0
181	2016-05-08 20:49:41.78	2016-05-08 20:49:41.90	5	1	0	1	0	0	0	0	0	0	0	0	0
181	2016-05-08 20:49:42.34	2016-05-08 20:49:42.56	5	1	0	1	0	0	0	0	0	0	0	0	0
182	2016-05-08 20:50:48.21	2016-05-08 20:51:02.50	5	1	0	0	0	11	0.26	0.96875	0	0	0	0	0
183	2016-05-08 20:51:06.95	2016-05-08 20:51:14.10	5	1	0	0	0	7	0.161	0.703125	0	0	0	0	0
183	2016-05-08 20:51:14.42	2016-05-08 20:51:17.32	5	1	0	1	0	0	0	0	0	0	0	0	0
186	2016-05-08 20:51:43.20	2016-05-08 20:52:05.73	5	1	0	0	0	6	0.146	0.578125	0	0	0	0	0
187	2016-05-08 20:52:14.29	2016-05-08 20:52:34.37	5	1	0	0	0	11	0.374	1.1875	0	0	0	0	0
188	2016-05-08 20:52:39.09	2016-05-08 20:52:45.81	5	1	0	0	0	6	0.272	0.734375	0	0	0	0	0
189	2016-05-08 20:52:56.93	2016-05-08 20:53:04.46	5	1	0	0	0	14	0.402	1.296875	0	0	0	0	0
190	2016-05-08 20:53:09.15	2016-05-08 20:53:09.18	5	1	0	0	0	0	0	0	0	0	0	0	0
190	2016-05-08 20:53:09.20	2016-05-08 20:53:14.56	5	1	0	0	0	5	0.079	0.453125	0	0	0	0	0
191	2016-05-08 20:53:20.14	2016-05-08 20:53:27.03	5	1	0	0	0	12	0.36	1.234375	0	0	0	0	0
192	2016-05-08 20:53:34.60	2016-05-08 20:53:45.26	5	1	0	0	0	8	0.273	0.828125	0	0	0	0	0
193	2016-05-08 20:53:55.34	2016-05-08 20:54:09.46	5	1	0	0	0	6	0.174	0.59375	0	0	0	0	0
193	2016-05-08 20:54:31.04	2016-05-08 20:54:31.51	5	1	0	1	0	0	0	0	0	0	0	0	0
194	2016-05-08 20:54:44.18	2016-05-08 20:54:59.07	5	1	0	0	0	7	0.217	0.703125	0	0	0	0	0
195	2016-05-08 20:55:05.06	2016-05-08 20:55:05.60	5	1	0	1	0	0	0	0	0	0	0	0	0
196	2016-05-08 20:55:18.34	2016-05-08 20:55:36.95	5	1	0	0	0	11	0.398	1.109375	0	0	0	0	0
197	2016-05-08 20:55:43.31	2016-05-08 20:56:12.51	5	1	0	0	0	11	0.373	1.234375	0	0	0	0	0
198	2016-05-08 20:56:20.53	2016-05-08 20:56:39.51	5	1	0	0	0	14	0.389	1.328125	0	0	0	0	0
199	2016-05-08 20:56:48.46	2016-05-08 20:56:49.96	5	1	0	1	0	0	0	0	0	0	0	0	0
199	2016-05-08 20:56:58.31	2016-05-08 20:56:58.39	5	1	0	1	0	0	0	0	0	0	0	0	0
200	2016-05-08 20:57:10.93	2016-05-08 20:57:18.53	5	1	0	0	0	6	0.146	0.578125	0	0	0	0	0
200	2016-05-08 20:57:26.71	2016-05-08 20:57:26.73	5	1	0	1	0	0	0	0	0	0	0	0	0
201	2016-05-08 20:57:45.43	2016-05-08 20:57:45.90	5	1	0	1	0	0	0	0	0	0	0	0	0
201	2016-05-08 20:57:46.12	2016-05-08 20:57:46.46	5	1	0	1	0	0	0	0	0	0	0	0	0
202	2016-05-08 20:58:01.81	2016-05-08 20:58:07.73	5	1	0	0	0	10	0.191	0.875	0	0	0	0	0
203	2016-05-08 21:02:47.50	2016-05-08 21:02:52.46	5	1	0	0	0	6	0.16	0.609375	0	0	0	0	0
205	2016-05-08 21:03:36.40	2016-05-08 21:03:40.59	5	1	0	0	0	7	0.189	0.703125	0	0	0	0	0
206	2016-05-08 21:03:47.15	2016-05-08 21:03:53.37	5	1	0	0	0	8	0.231	0.8125	0	0	0	0	0
207	2016-05-08 21:04:05.65	2016-05-08 21:04:13.67	5	1	0	0	0	15	0.419	1.515625	0	0	0	0	0
208	2016-05-08 21:04:17.84	2016-05-08 21:04:25.17	5	1	0	0	0	10	0.358	1.046875	0	0	0	0	0
209	2016-05-08 21:04:28.90	2016-05-08 21:04:38.75	5	1	0	0	0	7	0.16	0.609375	0	0	0	0	0
209	2016-05-08 21:04:43.07	2016-05-08 21:04:43.09	5	1	0	1	0	0	0	0	0	0	0	0	0
209	2016-05-08 21:04:44.62	2016-05-08 21:04:44.67	5	1	0	1	0	0	0	0	0	0	0	0	0
210	2016-05-08 21:05:43.53	2016-05-08 21:05:50.92	5	1	0	0	0	8	0.245	0.796875	0	0	0	0	0
211	2016-05-08 21:05:55.12	2016-05-08 21:06:03.21	5	1	0	0	0	4	0.172	0.5	0	0	0	0	0
212	2016-05-08 21:06:13.37	2016-05-08 21:06:29.18	5	1	0	0	0	15	0.434	1.484375	0	0	0	0	0
213	2016-05-08 21:06:44.57	2016-05-08 21:06:50.06	5	1	0	0	0	6	0.229	0.59375	0	0	0	0	0
214	2016-05-08 21:06:55.32	2016-05-08 21:07:02.04	5	1	0	0	0	11	0.317	1.09375	0	0	0	0	0
215	2016-05-08 21:07:08.31	2016-05-08 21:07:15.60	5	1	0	0	0	8	0.427	0.984375	0	0	0	0	0
216	2016-05-08 21:07:34.85	2016-05-08 21:07:43.40	5	1	0	0	0	10	0.262	0.90625	0	0	0	0	0
217	2016-05-08 21:07:49.98	2016-05-08 21:07:56.28	5	1	0	0	0	14	0.78	1.734375	0	0	0	0	0
218	2016-05-08 21:07:59.96	2016-05-08 21:08:00.00	5	1	0	1	0	0	0	0	0	0	0	0	0
218	2016-05-08 21:08:01.65	2016-05-08 21:08:02.18	5	1	0	1	0	0	0	0	0	0	0	0	0
218	2016-05-08 21:08:03.70	2016-05-08 21:08:04.35	5	1	0	1	0	0	0	0	0	0	0	0	0
219	2016-05-08 21:08:18.32	2016-05-08 21:08:25.76	5	1	0	0	0	8	0.176	0.734375	0	0	0	0	0
220	2016-05-08 21:08:30.56	2016-05-08 21:08:30.71	5	1	0	1	0	0	0	0	0	0	0	0	0
222	2016-05-08 21:08:51.28	2016-05-08 21:08:56.98	5	1	0	0	0	14	0.335	1.3125	0	0	0	0	0
223	2016-05-08 21:09:26.32	2016-05-08 21:09:26.71	5	1	0	1	0	0	0	0	0	0	0	0	0
223	2016-05-08 21:09:27.92	2016-05-08 21:09:28.39	5	1	0	1	0	0	0	0	0	0	0	0	0
225	2016-05-08 21:09:49.93	2016-05-08 21:09:57.87	5	1	0	0	0	9	0.205	0.828125	0	0	0	0	0
226	2016-05-08 21:11:31.71	2016-05-08 21:11:37.17	5	1	0	0	0	13	0.261	1.078125	0	0	0	0	0
227	2016-05-08 21:11:48.18	2016-05-08 21:11:49.56	5	1	0	1	0	0	0	0	0	0	0	0	0
228	2016-05-08 21:17:03.64	2016-05-08 21:17:07.76	5	1	0	0	0	5	0.215	0.609375	0	0	0	0	0
230	2016-05-08 21:22:55.01	2016-05-08 21:23:01.71	5	1	0	0	0	13	0.305	1.25	0	0	0	0	0
231	2016-05-08 21:23:10.78	2016-05-08 21:23:17.87	5	1	0	0	0	9	0.246	0.875	0	0	0	0	0
232	2016-05-08 21:27:45.39	2016-05-08 21:27:46.28	5	1	0	1	0	0	0	0	0	0	0	0	0
232	2016-05-08 21:27:53.34	2016-05-08 21:27:54.21	5	1	0	1	0	0	0	0	0	0	0	0	0
232	2016-05-08 21:27:56.09	2016-05-08 21:27:56.34	5	1	0	1	0	0	0	0	0	0	0	0	0
233	2016-05-08 21:28:01.60	2016-05-08 21:28:11.56	5	1	0	0	0	14	0.348	1.359375	0	0	0	0	0
234	2016-05-08 21:28:20.87	2016-05-08 21:28:32.76	5	1	0	0	0	4	0.158	0.453125	0	0	0	0	0
235	2016-05-08 21:28:38.71	2016-05-08 21:28:54.56	5	1	0	0	0	12	0.375	1.3125	0	0	0	0	0
236	2016-05-08 21:29:03.43	2016-05-08 21:29:15.56	5	1	0	0	0	5	0.089	0.4375	0	0	0	0	0
237	2016-05-08 21:29:24.07	2016-05-08 21:29:41.96	5	1	0	0	0	7	0.161	0.6875	0	0	0	0	0
238	2016-05-08 21:29:48.32	2016-05-08 21:30:04.39	5	1	0	0	0	8	0.175	0.734375	0	0	0	0	0
240	2016-05-08 21:32:31.17	2016-05-08 21:32:37.75	5	1	0	0	0	8	0.204	0.78125	0	0	0	0	0
241	2016-05-08 21:35:31.95	2016-05-08 21:35:39.01	5	1	0	0	0	12	0.32	1.140625	0	0	0	0	0
242	2016-05-08 21:36:33.17	2016-05-08 21:36:47.84	5	1	0	0	0	7	0.175	0.75	0	0	0	0	0
243	2016-05-08 21:37:03.00	2016-05-08 21:37:22.81	5	1	0	0	0	9	0.261	0.953125	0	0	0	0	0
244	2016-05-08 21:37:40.76	2016-05-08 21:38:01.51	5	1	0	0	0	7	0.147	0.609375	0	0	0	0	0
245	2016-05-08 21:38:06.21	2016-05-08 21:38:06.98	5	1	0	1	0	0	0	0	0	0	0	0	0
246	2016-05-08 21:38:27.73	2016-05-08 21:38:27.89	5	1	0	1	0	0	0	0	0	0	0	0	0
246	2016-05-08 21:38:29.15	2016-05-08 21:38:29.42	5	1	0	1	0	0	0	0	0	0	0	0	0
247	2016-05-08 21:39:11.39	2016-05-08 21:39:15.64	5	1	0	0	0	7	0.468	0.9375	0	0	0	0	0
248	2016-05-08 21:39:28.64	2016-05-08 21:39:34.09	5	1	0	0	0	8	0.148	0.71875	0	0	0	0	0
249	2016-05-08 21:39:50.23	2016-05-08 21:39:59.42	5	1	0	0	0	10	0.191	0.9375	0	0	0	0	0
250	2016-05-08 21:40:05.50	2016-05-08 21:40:17.76	5	1	0	0	0	14	0.432	1.40625	0	0	0	0	0
251	2016-05-08 21:40:26.04	2016-05-08 21:40:40.40	5	1	0	0	0	4	0.074	0.375	0	0	0	0	0
252	2016-05-08 21:40:46.56	2016-05-08 21:41:00.21	5	1	0	0	0	10	0.259	0.890625	0	0	0	0	0
252	2016-05-08 21:41:10.78	2016-05-08 21:41:11.28	5	1	0	1	0	0	0	0	0	0	0	0	0
253	2016-05-08 21:41:18.87	2016-05-08 21:41:26.10	5	1	0	0	0	16	0.463	1.484375	0	0	0	0	0
253	2016-05-08 21:41:33.14	2016-05-08 21:41:33.45	5	1	0	1	0	0	0	0	0	0	0	0	0
254	2016-05-08 21:42:33.85	2016-05-08 21:42:38.87	5	1	0	0	0	4	0.102	0.390625	0	0	0	0	0
257	2016-05-08 21:42:54.31	2016-05-08 21:43:05.40	5	1	0	0	0	9	0.162	0.8125	0	0	0	0	0
258	2016-05-08 21:43:51.26	2016-05-08 21:44:12.04	5	1	0	0	0	15	0.473	1.515625	0	0	0	0	0
259	2016-05-08 21:44:19.46	2016-05-08 21:44:37.64	5	1	0	0	0	7	0.16	0.609375	0	0	0	0	0
260	2016-05-08 21:44:41.70	2016-05-08 21:44:51.53	5	1	0	0	0	6	0.23	0.65625	0	0	0	0	0
261	2016-05-08 21:44:56.56	2016-05-08 21:44:57.18	5	1	0	1	0	0	0	0	0	0	0	0	0
262	2016-05-08 21:45:06.54	2016-05-08 21:45:22.09	5	1	0	0	0	12	0.47	1.28125	0	0	0	0	0
263	2016-05-08 21:45:59.28	2016-05-08 21:46:07.20	5	1	0	0	0	16	0.447	1.609375	0	0	0	0	0
264	2016-05-08 21:46:12.09	2016-05-08 21:46:17.67	5	1	0	0	0	9	0.218	0.859375	0	0	0	0	0
265	2016-05-08 21:47:30.53	2016-05-08 21:47:40.37	5	1	0	0	0	11	0.26	0.96875	0	0	0	0	0
266	2016-05-08 21:47:49.18	2016-05-08 21:47:53.40	5	1	0	0	0	16	0.751	1.71875	0	0	0	0	0
267	2016-05-08 21:47:58.51	2016-05-08 21:48:08.85	5	1	0	0	0	13	0.386	1.3125	0	0	0	0	0
267	2016-05-08 21:48:17.37	2016-05-08 21:48:17.54	5	1	0	1	0	0	0	0	0	0	0	0	0
268	2016-05-08 21:48:25.53	2016-05-08 21:48:33.35	5	1	0	0	0	6	0.188	0.609375	0	0	0	0	0
269	2016-05-08 21:50:49.50	2016-05-08 21:50:49.57	5	1	0	0	0	0	0	0	0	0	0	0	0
269	2016-05-08 21:50:49.60	2016-05-08 21:50:55.15	5	1	0	0	0	6	0.201	0.578125	0	0	0	0	0
270	2016-05-08 21:51:25.04	2016-05-08 21:51:32.09	5	1	0	0	0	6	0.342	0.75	0	0	0	0	0
271	2016-05-08 21:51:35.98	2016-05-08 21:51:41.93	5	1	0	0	0	19	0.71	1.859375	0	0	0	0	0
272	2016-05-08 21:51:46.10	2016-05-08 21:51:54.67	5	1	0	0	0	4	0.144	0.46875	0	0	0	0	0
273	2016-05-08 21:52:06.87	2016-05-08 21:52:07.40	5	1	0	1	0	0	0	0	0	0	0	0	0
274	2016-05-08 21:52:11.18	2016-05-08 21:52:18.35	5	1	0	0	0	6	0.158	0.5625	0	0	0	0	0
275	2016-05-08 21:52:48.81	2016-05-08 21:52:57.51	5	1	0	0	0	14	0.39	1.375	0	0	0	0	0
275	2016-05-08 21:53:03.98	2016-05-08 21:53:04.15	5	1	0	1	0	0	0	0	0	0	0	0	0
276	2016-05-08 21:53:15.40	2016-05-08 21:53:26.03	5	1	0	0	0	8	0.232	0.75	0	0	0	0	0
277	2016-05-08 21:53:38.92	2016-05-08 21:53:47.35	5	1	0	0	0	9	0.246	0.875	0	0	0	0	0
278	2016-05-08 21:55:13.25	2016-05-08 21:55:31.79	5	1	0	0	0	5	0.144	0.453125	0	0	0	0	0
279	2016-05-08 21:55:38.68	2016-05-08 21:56:02.65	5	1	0	0	0	18	0.42	1.65625	0	0	0	0	0
280	2016-05-08 21:56:06.95	2016-05-08 21:56:13.43	5	1	0	0	0	8	0.316	0.890625	0	0	0	0	0
280	2016-05-08 21:56:34.65	2016-05-08 21:56:34.95	5	1	0	1	0	0	0	0	0	0	0	0	0
281	2016-05-08 21:57:58.84	2016-05-08 21:58:06.73	5	1	0	0	0	11	0.317	1.125	0	0	0	0	0
282	2016-05-08 21:58:15.10	2016-05-08 21:58:32.00	5	1	0	0	0	8	0.19	0.734375	0	0	0	0	0
283	2016-05-08 21:58:37.56	2016-05-08 21:58:49.65	5	1	0	0	0	8	0.204	0.765625	0	0	0	0	0
284	2016-05-08 21:58:58.34	2016-05-08 21:59:05.90	5	1	0	0	0	8	0.204	0.828125	0	0	0	0	0
285	2016-05-08 21:59:12.87	2016-05-08 21:59:21.03	5	1	0	0	0	15	0.351	1.421875	0	0	0	0	0
286	2016-05-08 22:00:00.43	2016-05-08 22:00:04.75	5	1	0	0	0	17	0.502	1.65625	0	0	0	0	0
287	2016-05-08 22:00:12.37	2016-05-08 22:00:12.62	5	1	0	1	0	0	0	0	0	0	0	0	0
288	2016-05-08 22:00:22.03	2016-05-08 22:00:38.59	5	1	0	0	0	12	0.466	1.125	0	0	0	0	0
289	2016-05-08 22:01:54.51	2016-05-08 22:01:54.54	5	1	0	0	0	0	0	0	0	0	0	0	0
289	2016-05-08 22:01:54.62	2016-05-08 22:02:00.89	5	1	0	0	0	11	0.205	0.9375	0	0	0	0	0
290	2016-05-08 22:02:08.45	2016-05-08 22:02:09.10	5	1	0	1	0	0	0	0	0	0	0	0	0
291	2016-05-08 22:02:17.34	2016-05-08 22:02:23.15	5	1	0	0	0	9	0.357	0.984375	0	0	0	0	0
292	2016-05-08 22:02:29.51	2016-05-08 22:02:38.01	5	1	0	0	0	13	0.306	1.203125	0	0	0	0	0
293	2016-05-08 22:02:45.39	2016-05-08 22:02:52.17	5	1	0	0	0	17	0.502	1.671875	0	0	0	0	0
294	2016-05-08 22:02:59.14	2016-05-08 22:03:15.12	5	1	0	0	0	13	0.332	1.265625	0	0	0	0	0
294	2016-05-08 22:03:24.10	2016-05-08 22:03:24.42	5	1	0	1	0	0	0	0	0	0	0	0	0
295	2016-05-08 22:03:37.00	2016-05-08 22:03:51.87	5	1	0	0	0	10	0.259	0.90625	0	0	0	0	0
296	2016-05-08 22:04:01.04	2016-05-08 22:04:08.82	5	1	0	0	0	10	0.29	1	0	0	0	0	0
296	2016-05-08 22:04:17.09	2016-05-08 22:04:17.12	5	1	0	1	0	0	0	0	0	0	0	0	0
296	2016-05-08 22:04:18.28	2016-05-08 22:04:18.62	5	1	0	1	0	0	0	0	0	0	0	0	0
297	2016-05-08 22:04:57.71	2016-05-08 22:05:17.70	5	1	0	0	0	9	0.329	0.9375	0	0	0	0	0
298	2016-05-08 22:05:27.14	2016-05-08 22:05:47.03	5	1	0	0	0	11	0.402	1.140625	0	0	0	0	0
299	2016-05-08 22:05:56.82	2016-05-08 22:06:23.85	5	1	0	0	0	11	0.249	1.125	0	0	0	0	0
300	2016-05-08 22:06:30.09	2016-05-08 22:06:57.43	5	1	0	0	0	18	0.489	1.6875	0	0	0	0	0
301	2016-05-08 22:07:21.50	2016-05-08 22:07:42.79	5	1	0	0	0	10	0.317	0.953125	0	0	0	0	0
302	2016-05-08 22:07:51.31	2016-05-08 22:08:09.45	5	1	0	0	0	23	0.673	2.09375	0	0	0	0	0
303	2016-05-08 22:08:16.04	2016-05-08 22:08:39.90	5	1	0	0	0	12	0.303	1.140625	0	0	0	0	0
304	2016-05-08 22:08:45.45	2016-05-08 22:08:52.37	5	1	0	0	0	13	0.251	1.203125	0	0	0	0	0
305	2016-05-08 22:08:58.21	2016-05-08 22:08:58.75	5	1	0	1	0	0	0	0	0	0	0	0	0
306	2016-05-08 22:11:02.57	2016-05-08 22:11:09.03	5	1	0	0	0	5	0.172	0.515625	0	0	0	0	0
307	2016-05-08 22:13:02.04	2016-05-08 22:13:02.10	5	1	0	1	0	0	0	0	0	0	0	0	0
307	2016-05-08 22:13:03.10	2016-05-08 22:13:03.14	5	1	0	1	0	0	0	0	0	0	0	0	0
307	2016-05-08 22:13:03.21	2016-05-08 22:13:03.84	5	1	0	1	0	0	0	0	0	0	0	0	0
308	2016-05-08 22:14:05.43	2016-05-08 22:14:13.00	5	1	0	0	0	13	0.316	1.234375	0	0	0	0	0
309	2016-05-08 22:14:17.29	2016-05-08 22:14:34.04	5	1	0	0	0	22	0.819	2.25	0	0	0	0	0
310	2016-05-08 22:14:49.59	2016-05-08 22:14:49.60	5	1	0	0	0	0	0	0	0	0	0	0	0
310	2016-05-08 22:14:49.62	2016-05-08 22:15:06.54	5	1	0	0	0	16	0.691	1.609375	0	0	0	0	0
311	2016-05-08 22:15:20.04	2016-05-08 22:15:27.37	5	1	0	0	0	18	0.479	1.796875	0	0	0	0	0
312	2016-05-08 22:15:33.62	2016-05-08 22:15:44.90	5	1	0	0	0	7	0.23	0.71875	0	0	0	0	0
313	2016-05-08 22:15:59.12	2016-05-08 22:16:09.96	5	1	0	0	0	10	0.233	0.9375	0	0	0	0	0
315	2016-05-08 22:16:34.45	2016-05-08 22:16:41.42	5	1	0	0	0	9	0.245	0.875	0	0	0	0	0
316	2016-05-08 22:16:53.65	2016-05-08 22:17:01.68	5	1	0	0	0	13	0.276	1.1875	0	0	0	0	0
318	2016-05-08 22:18:02.59	2016-05-08 22:18:08.42	5	1	0	0	0	5	0.201	0.59375	0	0	0	0	0
319	2016-05-08 22:18:16.85	2016-05-08 22:18:17.40	5	1	0	1	0	0	0	0	0	0	0	0	0
320	2016-05-08 22:18:25.14	2016-05-08 22:18:25.78	6	-1	1	0	0	0	0	0	0	0	0	0	0
321	2016-05-08 22:19:35.12	2016-05-08 22:19:53.00	5	1	0	0	0	10	0.259	0.859375	0	0	0	0	0
322	2016-05-08 22:20:05.37	2016-05-08 22:20:15.10	5	1	0	0	0	12	0.357	1.125	0	0	0	0	0
323	2016-05-08 22:20:19.00	2016-05-08 22:20:30.14	5	1	0	0	0	6	0.173	0.5625	0	0	0	0	0
324	2016-05-08 22:22:48.15	2016-05-08 22:22:58.39	5	1	0	0	0	9	0.356	0.9375	0	0	0	0	0
325	2016-05-08 22:23:08.32	2016-05-08 22:23:19.82	5	1	0	0	0	10	0.233	0.953125	0	0	0	0	0
326	2016-05-08 22:23:26.17	2016-05-08 22:23:26.31	5	1	0	1	0	0	0	0	0	0	0	0	0
327	2016-05-08 22:23:52.87	2016-05-08 22:24:04.65	5	1	0	0	0	16	0.464	1.71875	0	0	0	0	0
328	2016-05-08 22:24:16.40	2016-05-08 22:24:29.00	5	1	0	0	0	11	0.372	1.15625	0	0	0	0	0
329	2016-05-08 22:24:41.28	2016-05-08 22:24:51.92	5	1	0	0	0	6	0.131	0.484375	0	0	0	0	0
330	2016-05-08 22:25:02.28	2016-05-08 22:25:08.37	5	1	0	0	0	10	0.374	1.09375	0	0	0	0	0
331	2016-05-08 22:25:14.78	2016-05-08 22:25:22.12	5	1	0	0	0	17	1.361	2.328125	0	0	0	0	0
332	2016-05-08 22:25:27.78	2016-05-08 22:25:33.92	5	1	0	0	0	4	0.13	0.453125	0	0	0	0	0
333	2016-05-08 22:27:43.28	2016-05-08 22:27:48.96	5	1	0	0	0	7	0.217	0.6875	0	0	0	0	0
334	2016-05-08 22:27:56.15	2016-05-08 22:28:03.06	5	1	0	0	0	11	0.247	0.9375	0	0	0	0	0
335	2016-05-08 22:28:52.09	2016-05-08 22:28:52.34	5	1	0	1	0	0	0	0	0	0	0	0	0
335	2016-05-08 22:28:55.75	2016-05-08 22:28:55.76	5	1	0	1	0	0	0	0	0	0	0	0	0
335	2016-05-08 22:28:55.79	2016-05-08 22:28:56.07	5	1	0	1	0	0	0	0	0	0	0	0	0
336	2016-05-08 22:29:40.40	2016-05-08 22:29:40.89	5	1	0	1	0	0	0	0	0	0	0	0	0
337	2016-05-08 22:29:47.09	2016-05-08 22:29:47.31	5	1	0	1	0	0	0	0	0	0	0	0	0
337	2016-05-08 22:29:48.25	2016-05-08 22:29:48.42	5	1	0	1	0	0	0	0	0	0	0	0	0
338	2016-05-08 22:33:53.62	2016-05-08 22:33:58.56	5	1	0	0	0	10	0.301	0.96875	0	0	0	0	0
340	2016-05-08 22:34:08.21	2016-05-08 22:34:15.84	5	1	0	0	0	13	0.5	1.421875	0	0	0	0	0
341	2016-05-08 22:34:21.25	2016-05-08 22:34:29.43	5	1	0	0	0	15	0.488	1.546875	0	0	0	0	0
342	2016-05-08 22:36:49.23	2016-05-08 22:37:12.40	5	1	0	0	0	9	0.273	0.875	0	0	0	0	0
343	2016-05-08 22:37:22.06	2016-05-08 22:37:38.25	5	1	0	0	0	8	0.26	0.859375	0	0	0	0	0
344	2016-05-08 22:37:44.53	2016-05-08 22:37:57.92	5	1	0	0	0	13	0.374	1.21875	0	0	0	0	0
345	2016-05-08 22:38:14.03	2016-05-08 22:38:39.81	5	1	0	0	0	15	0.361	1.359375	0	0	0	0	0
346	2016-05-08 22:38:47.03	2016-05-08 22:39:01.35	5	1	0	0	0	8	0.204	0.78125	0	0	0	0	0
347	2016-05-08 22:39:06.12	2016-05-08 22:39:13.71	5	1	0	0	0	5	0.158	0.5	0	0	0	0	0
347	2016-05-08 22:39:28.39	2016-05-08 22:39:28.64	5	1	0	1	0	0	0	0	0	0	0	0	0
347	2016-05-08 22:39:36.57	2016-05-08 22:39:36.85	5	1	0	1	0	0	0	0	0	0	0	0	0
348	2016-05-08 22:39:41.70	2016-05-08 22:39:49.98	5	1	0	0	0	7	0.355	0.828125	0	0	0	0	0
349	2016-05-08 22:40:06.21	2016-05-08 22:40:13.00	5	1	0	0	0	9	0.261	0.890625	0	0	0	0	0
350	2016-05-08 22:40:17.29	2016-05-08 22:40:17.40	5	1	0	1	0	0	0	0	0	0	0	0	0
350	2016-05-08 22:40:17.48	2016-05-08 22:40:17.87	5	1	0	1	0	0	0	0	0	0	0	0	0
351	2016-05-08 22:40:27.75	2016-05-08 22:40:34.68	5	1	0	0	0	8	0.186	0.625	0	0	0	0	0
351	2016-05-08 22:40:42.78	2016-05-08 22:40:43.01	5	1	0	1	0	0	0	0	0	0	0	0	0
352	2016-05-08 22:40:51.53	2016-05-08 22:40:59.70	5	1	0	0	0	7	0.259	0.78125	0	0	0	0	0
353	2016-05-08 22:41:09.07	2016-05-08 22:41:16.32	5	1	0	0	0	11	0.386	1.09375	0	0	0	0	0
354	2016-05-08 22:41:22.20	2016-05-08 22:41:23.07	5	1	0	1	0	0	0	0	0	0	0	0	0
355	2016-05-08 22:41:27.85	2016-05-08 22:41:36.79	5	1	0	0	0	12	0.277	1.0625	0	0	0	0	0
356	2016-05-08 22:41:42.84	2016-05-08 22:41:47.03	5	1	0	0	0	12	0.803	1.546875	0	0	0	0	0
357	2016-05-08 22:41:51.65	2016-05-08 22:41:58.68	5	1	0	0	0	10	0.387	1	0	0	0	0	0
358	2016-05-08 22:42:03.65	2016-05-08 22:42:12.10	5	1	0	0	0	9	0.273	0.890625	0	0	0	0	0
360	2016-05-08 22:42:21.04	2016-05-08 22:42:28.57	5	1	0	0	0	7	0.175	0.703125	0	0	0	0	0
360	2016-05-08 22:42:38.85	2016-05-08 22:42:38.89	5	1	0	1	0	0	0	0	0	0	0	0	0
361	2016-05-08 22:42:52.00	2016-05-08 22:43:02.06	5	1	0	0	0	8	0.203	0.765625	0	0	0	0	0
362	2016-05-08 22:43:09.67	2016-05-08 22:43:20.07	5	1	0	0	0	9	0.246	0.90625	0	0	0	0	0
363	2016-05-08 22:43:27.62	2016-05-08 22:43:38.90	5	1	0	0	0	10	0.301	0.96875	0	0	0	0	0
364	2016-05-08 22:43:54.25	2016-05-08 22:44:05.95	5	1	0	0	0	11	0.345	1.0625	0	0	0	0	0
365	2016-05-08 22:44:14.34	2016-05-08 22:44:28.51	5	1	0	0	0	3	0.087	0.328125	0	0	0	0	0
366	2016-05-08 22:44:42.79	2016-05-08 22:44:48.79	5	1	0	0	0	14	0.404	1.359375	0	0	0	0	0
367	2016-05-08 22:45:27.96	2016-05-08 22:45:40.06	5	1	0	0	0	11	0.429	1.1875	0	0	0	0	0
368	2016-05-08 22:45:47.62	2016-05-08 22:46:02.57	5	1	0	0	0	14	0.459	1.5	0	0	0	0	0
369	2016-05-08 22:46:11.56	2016-05-08 22:46:23.04	5	1	0	0	0	8	0.162	0.78125	0	0	0	0	0
370	2016-05-08 22:46:28.37	2016-05-08 22:46:49.25	5	1	0	0	0	11	0.332	1.0625	0	0	0	0	0
371	2016-05-08 22:47:03.59	2016-05-08 22:47:25.15	5	1	0	0	0	13	0.58	1.3125	0	0	0	0	0
372	2016-05-08 22:47:31.26	2016-05-08 22:47:59.03	5	1	0	0	0	13	0.306	1.234375	0	0	0	0	0
373	2016-05-08 22:48:17.68	2016-05-08 22:48:35.26	5	1	0	0	0	15	0.543	1.515625	0	0	0	0	0
374	2016-05-08 22:48:42.46	2016-05-08 22:49:07.53	5	1	0	0	0	9	0.259	0.90625	0	0	0	0	0
375	2016-05-08 22:49:14.82	2016-05-08 22:49:38.82	5	1	0	0	0	19	0.422	1.8125	0	0	0	0	0
376	2016-05-08 22:50:04.98	2016-05-08 22:50:17.07	5	1	0	0	0	15	0.499	1.53125	0	0	0	0	0
377	2016-05-08 22:50:35.76	2016-05-08 22:50:42.57	5	1	0	0	0	7	0.231	0.828125	0	0	0	0	0
378	2016-05-08 22:51:49.48	2016-05-08 22:52:00.18	5	1	0	0	0	11	0.276	1.046875	0	0	0	0	0
379	2016-05-08 22:52:37.28	2016-05-08 22:52:37.29	5	1	0	0	0	0	0	0	0	0	0	0	0
379	2016-05-08 22:52:37.40	2016-05-08 22:52:45.60	5	1	0	0	0	15	0.388	1.359375	0	0	0	0	0
380	2016-05-08 22:52:54.23	2016-05-08 22:53:02.48	5	1	0	0	0	13	0.404	1.375	0	0	0	0	0
381	2016-05-08 22:53:16.20	2016-05-08 22:53:28.07	5	1	0	0	0	15	0.362	1.4375	0	0	0	0	0
382	2016-05-08 22:53:37.90	2016-05-08 22:53:51.90	5	1	0	0	0	10	0.385	1.125	0	0	0	0	0
383	2016-05-08 22:54:03.57	2016-05-08 22:54:17.28	5	1	0	0	0	8	0.218	0.84375	0	0	0	0	0
384	2016-05-08 22:54:27.12	2016-05-08 22:54:41.70	5	1	0	0	0	6	0.132	0.59375	0	0	0	0	0
384	2016-05-08 22:54:43.23	2016-05-08 22:54:43.57	5	1	0	1	0	0	0	0	0	0	0	0	0
385	2016-05-08 22:54:55.12	2016-05-08 22:55:08.21	5	1	0	0	0	10	0.23	0.859375	0	0	0	0	0
386	2016-05-08 22:55:20.75	2016-05-08 22:55:32.46	5	1	0	0	0	10	0.219	0.828125	0	0	0	0	0
387	2016-05-08 22:55:39.92	2016-05-08 22:55:56.20	5	1	0	0	0	11	0.191	0.96875	0	0	0	0	0
388	2016-05-08 22:56:05.46	2016-05-08 22:56:18.78	5	1	0	0	0	8	0.286	0.828125	0	0	0	0	0
389	2016-05-08 22:56:27.76	2016-05-08 22:56:37.68	5	1	0	0	0	12	0.36	1.171875	0	0	0	0	0
390	2016-05-08 22:56:43.53	2016-05-08 22:56:44.15	5	1	0	1	0	0	0	0	0	0	0	0	0
391	2016-05-08 22:57:20.78	2016-05-08 22:57:28.81	5	1	0	0	0	12	0.291	1.109375	0	0	0	0	0
392	2016-05-08 22:58:28.21	2016-05-08 22:58:33.68	5	1	0	0	0	3	0.157	0.390625	0	0	0	0	0
393	2016-05-08 22:58:51.54	2016-05-08 22:59:08.34	5	1	0	0	0	5	0.187	0.546875	0	0	0	0	0
394	2016-05-08 22:59:16.12	2016-05-08 22:59:40.20	5	1	0	0	0	11	0.331	1.046875	0	0	0	0	0
395	2016-05-08 22:59:49.31	2016-05-08 23:00:10.62	5	1	0	0	0	7	0.175	0.65625	0	0	0	0	0
396	2016-05-08 23:00:16.59	2016-05-08 23:00:38.10	5	1	0	0	0	7	0.202	0.671875	0	0	0	0	0
397	2016-05-08 23:00:43.01	2016-05-08 23:00:49.95	5	1	0	0	0	10	0.899	1.546875	0	0	0	0	0
397	2016-05-08 23:01:10.73	2016-05-08 23:01:11.20	5	1	0	1	0	0	0	0	0	0	0	0	0
398	2016-05-08 23:01:27.70	2016-05-08 23:01:36.76	5	1	0	0	0	15	0.892	1.875	0	0	0	0	0
399	2016-05-08 23:01:45.29	2016-05-08 23:01:54.89	5	1	0	0	0	11	0.332	1.078125	0	0	0	0	0
400	2016-05-08 23:02:15.09	2016-05-08 23:02:29.37	5	1	0	0	0	10	0.456	1.171875	0	0	0	0	0
401	2016-05-08 23:02:41.70	2016-05-08 23:02:51.53	5	1	0	0	0	16	0.501	1.53125	0	0	0	0	0
402	2016-05-08 23:03:17.98	2016-05-08 23:03:23.46	5	1	0	0	0	15	0.499	1.453125	0	0	0	0	0
403	2016-05-08 23:03:29.17	2016-05-08 23:03:29.79	5	1	0	1	0	0	0	0	0	0	0	0	0
404	2016-05-08 23:03:46.50	2016-05-08 23:03:56.54	5	1	0	0	0	8	0.329	0.890625	0	0	0	0	0
405	2016-05-08 23:04:01.28	2016-05-08 23:04:07.75	5	1	0	0	0	16	0.401	1.453125	0	0	0	0	0
406	2016-05-08 23:04:12.15	2016-05-08 23:04:20.51	5	1	0	0	0	9	0.243	0.921875	0	0	0	0	0
407	2016-05-08 23:04:28.21	2016-05-08 23:04:36.32	5	1	0	0	0	23	1.049	2.5625	0	0	0	0	0
408	2016-05-08 23:04:42.15	2016-05-08 23:04:49.70	5	1	0	0	0	9	0.162	0.734375	0	0	0	0	0
409	2016-05-08 23:04:53.40	2016-05-08 23:05:00.20	5	1	0	0	0	20	0.742	1.75	0	0	0	0	0
410	2016-05-08 23:05:05.67	2016-05-08 23:05:12.48	5	1	0	0	0	12	0.304	1.078125	0	0	0	0	0
411	2016-05-08 23:05:17.68	2016-05-08 23:05:24.32	5	1	0	0	0	11	0.345	1.09375	0	0	0	0	0
412	2016-05-08 23:05:33.42	2016-05-08 23:05:39.35	5	1	0	0	0	21	0.589	2.0625	0	0	0	0	0
413	2016-05-08 23:05:44.12	2016-05-08 23:05:51.20	5	1	0	0	0	7	0.118	0.59375	0	0	0	0	0
414	2016-05-08 23:07:53.20	2016-05-08 23:07:53.95	5	1	0	1	0	0	0	0	0	0	0	0	0
415	2016-05-08 23:09:57.62	2016-05-08 23:10:03.17	5	1	0	0	0	13	0.321	1.28125	0	0	0	0	0
416	2016-05-08 23:10:09.68	2016-05-08 23:10:24.59	5	1	0	0	0	12	0.43	1.265625	0	0	0	0	0
417	2016-05-08 23:11:02.60	2016-05-08 23:11:03.03	5	1	0	1	0	0	0	0	0	0	0	0	0
418	2016-05-08 23:11:52.78	2016-05-08 23:11:58.40	5	1	0	0	0	18	0.543	1.65625	0	0	0	0	0
419	2016-05-08 23:12:04.25	2016-05-08 23:12:16.82	5	1	0	0	0	14	0.388	1.421875	0	0	0	0	0
420	2016-05-08 23:12:22.12	2016-05-08 23:12:27.78	5	1	0	0	0	12	0.485	1.328125	0	0	0	0	0
420	2016-05-08 23:12:27.90	2016-05-08 23:12:31.17	5	1	0	1	0	0	0	0	0	0	0	0	0
421	2016-05-08 23:12:36.98	2016-05-08 23:12:45.60	5	1	0	0	0	9	0.19	0.8125	0	0	0	0	0
422	2016-05-08 23:13:48.06	2016-05-08 23:13:48.09	5	1	0	0	0	0	0	0	0	0	0	0	0
422	2016-05-08 23:13:48.26	2016-05-08 23:14:04.71	5	1	0	0	0	14	0.305	1.265625	0	0	0	0	0
423	2016-05-08 23:14:11.75	2016-05-08 23:14:16.81	5	1	0	0	0	14	0.529	1.5	0	0	0	0	0
424	2016-05-08 23:14:22.15	2016-05-08 23:14:43.09	5	1	0	0	0	20	0.671	2.03125	0	0	0	0	0
426	2016-05-08 23:14:59.40	2016-05-08 23:15:00.26	5	1	0	1	0	0	0	0	0	0	0	0	0
426	2016-05-08 23:15:01.01	2016-05-08 23:15:01.56	5	1	0	1	0	0	0	0	0	0	0	0	0
427	2016-05-08 23:17:38.93	2016-05-08 23:17:39.93	5	1	0	1	0	0	0	0	0	0	0	0	0
428	2016-05-08 23:18:16.15	2016-05-08 23:18:32.37	5	1	0	0	0	11	0.304	1.140625	0	0	0	0	0
429	2016-05-08 23:18:40.23	2016-05-08 23:18:56.90	5	1	0	0	0	10	1.001	1.59375	0	0	0	0	0
429	2016-05-08 23:18:57.40	2016-05-08 23:18:58.46	5	1	0	1	0	0	0	0	0	0	0	0	0
430	2016-05-08 23:19:05.84	2016-05-08 23:19:23.82	5	1	0	0	0	5	0.201	0.578125	0	0	0	0	0
430	2016-05-08 23:19:34.53	2016-05-08 23:19:34.85	5	1	0	1	0	0	0	0	0	0	0	0	0
431	2016-05-08 23:19:39.71	2016-05-08 23:19:47.32	5	1	0	0	0	19	0.739	1.953125	0	0	0	0	0
431	2016-05-08 23:19:55.14	2016-05-08 23:19:55.42	5	1	0	1	0	0	0	0	0	0	0	0	0
432	2016-05-08 23:20:16.07	2016-05-08 23:20:16.15	5	1	0	1	0	0	0	0	0	0	0	0	0
432	2016-05-08 23:20:21.90	2016-05-08 23:20:22.00	5	1	0	1	0	0	0	0	0	0	0	0	0
435	2016-05-08 23:20:38.71	2016-05-08 23:20:44.95	5	1	0	0	0	10	0.372	1.046875	0	0	0	0	0
436	2016-05-08 23:20:51.09	2016-05-08 23:20:51.26	5	1	0	1	0	0	0	0	0	0	0	0	0
436	2016-05-08 23:20:53.84	2016-05-08 23:20:54.14	5	1	0	1	0	0	0	0	0	0	0	0	0
437	2016-05-08 23:21:02.14	2016-05-08 23:21:09.51	5	1	0	0	0	3	0.059	0.28125	0	0	0	0	0
438	2016-05-08 23:21:17.46	2016-05-08 23:21:17.53	5	1	0	1	0	0	0	0	0	0	0	0	0
439	2016-05-08 23:21:26.26	2016-05-08 23:21:34.78	5	1	0	0	0	6	0.146	0.59375	0	0	0	0	0
440	2016-05-08 23:21:44.90	2016-05-08 23:21:52.46	5	1	0	0	0	10	0.22	0.953125	0	0	0	0	0
440	2016-05-08 23:21:57.26	2016-05-08 23:21:57.42	5	1	0	1	0	0	0	0	0	0	0	0	0
440	2016-05-08 23:21:57.87	2016-05-08 23:21:58.09	5	1	0	1	0	0	0	0	0	0	0	0	0
441	2016-05-08 23:22:09.14	2016-05-08 23:22:16.48	5	1	0	0	0	14	0.377	1.375	0	0	0	0	0
442	2016-05-08 23:22:29.57	2016-05-08 23:22:37.42	5	1	0	0	0	8	0.176	0.734375	0	0	0	0	0
443	2016-05-08 23:22:44.14	2016-05-08 23:22:49.84	5	1	0	0	0	10	0.232	0.84375	0	0	0	0	0
444	2016-05-08 23:22:55.14	2016-05-08 23:22:55.67	5	1	0	1	0	0	0	0	0	0	0	0	0
446	2016-05-08 23:23:47.51	2016-05-08 23:23:47.62	5	1	0	0	0	0	0	0	0	0	0	0	0
446	2016-05-08 23:23:47.73	2016-05-08 23:24:01.23	5	1	0	0	0	9	0.344	1.015625	0	0	0	0	0
447	2016-05-08 23:24:05.65	2016-05-08 23:24:12.73	5	1	0	0	0	11	0.399	1.171875	0	0	0	0	0
448	2016-05-08 23:24:20.09	2016-05-08 23:24:46.06	5	1	0	0	0	11	0.372	1.15625	0	0	0	0	0
449	2016-05-08 23:24:52.04	2016-05-08 23:24:52.73	5	1	0	1	0	0	0	0	0	0	0	0	0
450	2016-05-08 23:25:09.14	2016-05-08 23:25:31.46	5	1	0	0	0	10	0.317	1.046875	0	0	0	0	0
451	2016-05-08 23:25:49.31	2016-05-08 23:25:57.15	5	1	0	0	0	13	0.292	1.1875	0	0	0	0	0
452	2016-05-08 23:26:05.18	2016-05-08 23:26:15.84	5	1	0	0	0	21	0.658	2.125	0	0	0	0	0
456	2016-05-08 23:28:12.28	2016-05-08 23:28:12.32	5	1	0	1	0	0	0	0	0	0	0	0	0
456	2016-05-08 23:28:12.43	2016-05-08 23:28:12.57	5	1	0	1	0	0	0	0	0	0	0	0	0
457	2016-05-08 23:28:47.03	2016-05-08 23:28:47.04	5	1	0	1	0	0	0	0	0	0	0	0	0
457	2016-05-08 23:28:58.31	2016-05-08 23:28:58.75	6	-1	1	1	0	0	0	0	0	0	0	0	0
457	2016-05-08 23:29:02.01	2016-05-08 23:29:03.15	6	-1	1	1	0	0	0	0	0	0	0	0	0
457	2016-05-08 23:29:03.40	2016-05-08 23:29:03.45	6	-1	1	1	0	0	0	0	0	0	0	0	0
457	2016-05-08 23:29:03.48	2016-05-08 23:29:04.23	6	-1	1	1	0	0	0	0	0	0	0	0	0
457	2016-05-08 23:29:04.29	2016-05-08 23:29:04.35	6	-1	1	1	0	0	0	0	0	0	0	0	0
457	2016-05-08 23:29:05.20	2016-05-08 23:29:05.37	5	1	0	1	0	0	0	0	0	0	0	0	0
457	2016-05-08 23:29:05.51	2016-05-08 23:29:05.57	5	1	0	1	0	0	0	0	0	0	0	0	0
457	2016-05-08 23:29:05.78	2016-05-08 23:29:06.26	5	1	0	1	0	0	0	0	0	0	0	0	0
458	2016-05-08 23:29:12.14	2016-05-08 23:29:21.78	5	1	0	0	0	16	0.448	1.65625	0	0	0	0	0
459	2016-05-08 23:29:27.75	2016-05-08 23:29:28.25	5	1	0	1	0	0	0	0	0	0	0	0	0
460	2016-05-08 23:29:35.87	2016-05-08 23:29:37.00	5	1	0	1	0	0	0	0	0	0	0	0	0
461	2016-05-08 23:29:47.54	2016-05-08 23:29:57.12	5	1	0	0	0	13	0.319	1.171875	0	0	0	0	0
462	2016-05-08 23:30:04.71	2016-05-08 23:30:14.85	5	1	0	0	0	8	0.274	0.890625	0	0	0	0	0
463	2016-05-08 23:30:32.67	2016-05-08 23:30:50.96	5	1	0	0	0	17	0.46	1.546875	0	0	0	0	0
463	2016-05-08 23:31:04.03	2016-05-08 23:31:04.04	5	1	0	1	0	0	0	0	0	0	0	0	0
464	2016-05-08 23:31:10.75	2016-05-08 23:31:31.71	5	1	0	0	0	13	0.55	1.359375	0	0	0	0	0
465	2016-05-08 23:31:39.79	2016-05-08 23:32:11.07	5	1	0	0	0	11	0.36	1.21875	0	0	0	0	0
466	2016-05-08 23:32:20.95	2016-05-08 23:32:37.39	5	1	0	0	0	16	0.595	1.6875	0	0	0	0	0
467	2016-05-08 23:32:47.81	2016-05-08 23:33:15.68	5	1	0	0	0	13	0.429	1.296875	0	0	0	0	0
468	2016-05-08 23:33:22.76	2016-05-08 23:33:50.37	5	1	0	0	0	11	0.235	1.03125	0	0	0	0	0
469	2016-05-08 23:33:59.26	2016-05-08 23:34:24.46	5	1	0	0	0	5	0.187	0.59375	0	0	0	0	0
470	2016-05-08 23:34:32.71	2016-05-08 23:34:34.03	5	1	0	1	0	0	0	0	0	0	0	0	0
470	2016-05-08 23:34:34.07	2016-05-08 23:34:34.98	5	1	0	1	0	0	0	0	0	0	0	0	0
470	2016-05-08 23:34:35.03	2016-05-08 23:34:35.20	5	1	0	1	0	0	0	0	0	0	0	0	0
470	2016-05-08 23:34:43.60	2016-05-08 23:34:43.67	5	1	0	1	0	0	0	0	0	0	0	0	0
470	2016-05-08 23:34:43.73	2016-05-08 23:34:43.84	5	1	0	1	0	0	0	0	0	0	0	0	0
471	2016-05-08 23:34:53.20	2016-05-08 23:35:06.25	5	1	0	0	0	9	0.274	0.984375	0	0	0	0	0
472	2016-05-08 23:35:21.79	2016-05-08 23:35:40.35	5	1	0	0	0	13	0.781	1.578125	0	0	0	0	0
473	2016-05-08 23:35:55.62	2016-05-08 23:36:11.60	5	1	0	0	0	13	0.305	1.234375	0	0	0	0	0
474	2016-05-08 23:36:33.75	2016-05-08 23:36:34.06	5	1	0	1	0	0	0	0	0	0	0	0	0
475	2016-05-08 23:36:39.78	2016-05-08 23:36:46.00	5	1	0	0	0	7	0.216	0.796875	0	0	0	0	0
476	2016-05-08 23:36:52.01	2016-05-08 23:36:59.82	5	1	0	0	0	11	0.248	1.078125	0	0	0	0	0
477	2016-05-08 23:37:05.31	2016-05-08 23:37:05.78	5	1	0	1	0	0	0	0	0	0	0	0	0
478	2016-05-08 23:37:22.01	2016-05-08 23:37:22.21	5	1	0	1	0	0	0	0	0	0	0	0	0
478	2016-05-08 23:37:23.17	2016-05-08 23:37:23.31	5	1	0	1	0	0	0	0	0	0	0	0	0
478	2016-05-08 23:37:23.35	2016-05-08 23:37:23.59	5	1	0	1	0	0	0	0	0	0	0	0	0
478	2016-05-08 23:37:23.84	2016-05-08 23:37:24.14	5	1	0	1	0	0	0	0	0	0	0	0	0
479	2016-05-08 23:37:27.84	2016-05-08 23:37:35.56	5	1	0	0	0	8	0.328	0.890625	0	0	0	0	0
480	2016-05-08 23:37:44.81	2016-05-08 23:37:53.14	5	1	0	0	0	10	0.219	0.953125	0	0	0	0	0
481	2016-05-08 23:38:08.48	2016-05-08 23:38:09.90	5	1	0	1	0	0	0	0	0	0	0	0	0
482	2016-05-08 23:38:19.00	2016-05-08 23:38:31.64	5	1	0	0	0	13	0.347	1.21875	0	0	0	0	0
483	2016-05-08 23:38:47.89	2016-05-08 23:38:59.54	5	1	0	0	0	8	1.111	1.65625	0	0	0	0	0
484	2016-05-08 23:40:08.68	2016-05-08 23:40:14.39	5	1	0	0	0	12	0.235	1.0625	0	0	0	0	0
484	2016-05-08 23:40:14.43	2016-05-08 23:40:14.46	5	1	0	1	0	0	0	0	0	0	0	0	0
485	2016-05-08 23:40:31.89	2016-05-08 23:40:31.98	5	1	0	1	0	0	0	0	0	0	0	0	0
485	2016-05-08 23:40:32.04	2016-05-08 23:40:32.10	5	1	0	1	0	0	0	0	0	0	0	0	0
485	2016-05-08 23:40:33.81	2016-05-08 23:40:33.93	5	1	0	1	0	0	0	0	0	0	0	0	0
485	2016-05-08 23:40:36.31	2016-05-08 23:40:36.87	5	1	0	1	0	0	0	0	0	0	0	0	0
485	2016-05-08 23:40:42.96	2016-05-08 23:40:43.67	5	1	0	1	0	0	0	0	0	0	0	0	0
486	2016-05-08 23:40:53.68	2016-05-08 23:41:03.96	5	1	0	0	0	10	0.443	1.21875	0	0	0	0	0
487	2016-05-08 23:41:12.04	2016-05-08 23:41:22.35	5	1	0	0	0	16	0.391	1.484375	0	0	0	0	0
488	2016-05-08 23:41:31.18	2016-05-08 23:41:44.64	5	1	0	0	0	7	0.23	0.796875	0	0	0	0	0
489	2016-05-08 23:41:49.15	2016-05-08 23:41:56.78	5	1	0	0	0	14	0.32	1.3125	0	0	0	0	0
489	2016-05-08 23:41:56.81	2016-05-08 23:41:56.85	5	1	0	1	0	0	0	0	0	0	0	0	0
490	2016-05-08 23:42:03.57	2016-05-08 23:42:17.18	5	1	0	0	0	10	0.3	0.984375	0	0	0	0	0
491	2016-05-08 23:42:26.62	2016-05-08 23:42:40.32	5	1	0	0	0	8	0.231	0.765625	0	0	0	0	0
492	2016-05-08 23:42:49.40	2016-05-08 23:43:01.70	5	1	0	0	0	18	0.476	1.734375	0	0	0	0	0
493	2016-05-08 23:43:12.03	2016-05-08 23:43:22.14	5	1	0	0	0	12	0.29	1.140625	0	0	0	0	0
494	2016-05-08 23:44:17.28	2016-05-08 23:44:22.57	5	1	0	0	0	17	0.707	1.671875	0	0	0	0	0
495	2016-05-08 23:44:35.65	2016-05-08 23:44:41.85	5	1	0	0	0	11	0.358	1.046875	0	0	0	0	0
496	2016-05-08 23:44:48.50	2016-05-08 23:44:56.42	5	1	0	0	0	14	0.503	1.515625	0	0	0	0	0
498	2016-05-08 23:47:15.81	2016-05-08 23:47:22.51	5	1	0	0	0	18	0.573	1.78125	0	0	0	0	0
499	2016-05-08 23:47:31.82	2016-05-08 23:47:35.78	5	1	0	0	0	11	0.331	1.125	0	0	0	0	0
500	2016-05-08 23:47:40.31	2016-05-08 23:47:52.85	5	1	0	0	0	14	0.432	1.359375	0	0	0	0	0
501	2016-05-08 23:47:59.93	2016-05-08 23:48:06.71	5	1	0	0	0	9	0.316	0.90625	0	0	0	0	0
502	2016-05-08 23:48:21.75	2016-05-08 23:48:22.18	5	1	0	1	0	0	0	0	0	0	0	0	0
503	2016-05-08 23:48:31.40	2016-05-08 23:48:39.03	5	1	0	0	0	9	0.259	0.984375	0	0	0	0	0
504	2016-05-08 23:48:45.14	2016-05-08 23:48:52.35	5	1	0	0	0	11	0.261	1.03125	0	0	0	0	0
505	2016-05-08 23:48:56.98	2016-05-08 23:49:04.35	5	1	0	0	0	6	0.16	0.546875	0	0	0	0	0
506	2016-05-08 23:49:19.43	2016-05-08 23:49:26.42	5	1	0	0	0	8	0.218	0.75	0	0	0	0	0
508	2016-05-08 23:49:47.26	2016-05-08 23:50:03.54	5	1	0	0	0	14	0.498	1.40625	0	0	0	0	0
509	2016-05-08 23:50:11.23	2016-05-08 23:50:43.48	5	1	0	0	0	13	0.376	1.28125	0	0	0	0	0
510	2016-05-08 23:50:59.84	2016-05-08 23:51:00.15	5	1	0	1	0	0	0	0	0	0	0	0	0
511	2016-05-08 23:51:19.67	2016-05-08 23:51:20.00	5	1	0	1	0	0	0	0	0	0	0	0	0
512	2016-05-08 23:51:26.32	2016-05-08 23:51:34.21	5	1	0	0	0	8	0.272	0.859375	0	0	0	0	0
513	2016-05-08 23:51:42.45	2016-05-08 23:51:42.51	5	1	0	1	0	0	0	0	0	0	0	0	0
513	2016-05-08 23:51:43.35	2016-05-08 23:51:43.42	5	1	0	1	0	0	0	0	0	0	0	0	0
514	2016-05-08 23:51:50.15	2016-05-08 23:52:01.35	5	1	0	0	0	21	0.737	2.15625	0	0	0	0	0
515	2016-05-08 23:53:21.26	2016-05-08 23:53:31.35	5	1	0	0	0	19	0.678	1.78125	0	0	0	0	0
516	2016-05-08 23:53:37.90	2016-05-08 23:53:44.98	5	1	0	0	0	17	1.083	2.0625	0	0	0	0	0
517	2016-05-08 23:54:02.25	2016-05-08 23:54:08.53	5	1	0	0	0	22	0.757	2.203125	0	0	0	0	0
518	2016-05-08 23:54:15.89	2016-05-08 23:54:32.21	5	1	0	0	0	23	0.928	2.28125	0	0	0	0	0
519	2016-05-08 23:54:38.37	2016-05-08 23:54:46.54	5	1	0	0	0	19	0.558	1.796875	0	0	0	0	0
520	2016-05-08 23:55:01.37	2016-05-08 23:55:30.70	5	1	0	0	0	17	0.587	1.84375	0	0	0	0	0
521	2016-05-08 23:55:40.32	2016-05-08 23:55:40.65	5	1	0	1	0	0	0	0	0	0	0	0	0
522	2016-05-08 23:55:53.64	2016-05-08 23:56:03.12	5	1	0	0	0	15	0.611	1.546875	0	0	0	0	0
523	2016-05-08 23:56:11.26	2016-05-08 23:56:19.46	5	1	0	0	0	7	0.188	0.65625	0	0	0	0	0
524	2016-05-08 23:56:26.70	2016-05-08 23:56:27.12	5	1	0	1	0	0	0	0	0	0	0	0	0
525	2016-05-08 23:56:35.71	2016-05-08 23:56:45.53	5	1	0	0	0	13	0.582	1.453125	0	0	0	0	0
526	2016-05-08 23:56:49.21	2016-05-08 23:56:49.62	5	1	0	1	0	0	0	0	0	0	0	0	0
527	2016-05-08 23:56:54.96	2016-05-08 23:57:02.75	5	1	0	0	0	15	0.544	1.671875	0	0	0	0	0
528	2016-05-08 23:57:26.31	2016-05-08 23:57:32.07	5	1	0	0	0	15	0.36	1.296875	0	0	0	0	0
530	2016-05-08 23:57:56.20	2016-05-08 23:58:07.07	5	1	0	0	0	8	0.567	1.078125	0	0	0	0	0
531	2016-05-08 23:58:17.40	2016-05-08 23:58:22.43	5	1	0	0	0	11	0.442	1.15625	0	0	0	0	0
532	2016-05-08 23:58:27.00	2016-05-08 23:58:44.10	5	1	0	0	0	18	0.542	1.609375	0	0	0	0	0
532	2016-05-08 23:58:44.12	2016-05-08 23:58:44.17	5	1	0	1	0	0	0	0	0	0	0	0	0
533	2016-05-08 23:58:59.65	2016-05-08 23:59:18.28	5	1	0	0	0	18	0.571	1.703125	0	0	0	0	0
536	2016-05-09 00:00:05.23	2016-05-09 00:00:05.84	5	1	0	0	0	0	0	0	0	0	0	0	0
537	2016-05-09 00:00:17.04	2016-05-09 00:00:17.81	5	1	0	0	0	0	0	0	0	0	0	0	0
540	2016-05-09 00:01:34.34	2016-05-09 00:01:34.42	5	1	0	0	0	0	0	0	0	0	0	0	0
540	2016-05-09 00:01:35.39	2016-05-09 00:01:35.50	5	1	0	0	0	0	0	0	0	0	0	0	0
540	2016-05-09 00:01:37.53	2016-05-09 00:01:38.12	5	1	0	0	0	0	0	0	0	0	0	0	0
540	2016-05-09 00:01:39.60	2016-05-09 00:01:40.14	5	1	0	0	0	0	0	0	0	0	0	0	0
541	2016-05-09 00:01:57.28	2016-05-09 00:01:57.73	5	1	0	0	0	0	0	0	0	0	0	0	0
545	2016-05-09 00:07:34.32	2016-05-09 00:07:35.21	5	1	0	0	0	0	0	0	0	0	0	0	0
548	2016-05-09 00:10:04.73	2016-05-09 00:10:05.60	5	1	0	0	0	0	0	0	0	0	0	0	0
550	2016-05-09 00:13:03.84	2016-05-09 00:13:04.35	5	1	0	0	0	0	0	0	0	0	0	0	0
551	2016-05-09 00:13:19.31	2016-05-09 00:13:19.76	5	1	0	0	0	0	0	0	0	0	0	0	0
553	2016-05-09 00:14:28.59	2016-05-09 00:14:28.78	5	1	0	0	0	0	0	0	0	0	0	0	0
555	2016-05-09 00:15:27.87	2016-05-09 00:15:28.21	5	1	0	0	0	0	0	0	0	0	0	0	0
558	2016-05-09 00:18:07.23	2016-05-09 00:18:08.31	6	-1	1	0	0	0	0	0	0	0	0	0	0
558	2016-05-09 00:18:10.20	2016-05-09 00:18:11.00	5	1	0	0	0	0	0	0	0	0	0	0	0
559	2016-05-09 00:18:45.23	2016-05-09 00:18:45.93	5	1	0	0	0	0	0	0	0	0	0	0	0
559	2016-05-09 00:18:48.18	2016-05-09 00:18:48.25	5	1	0	0	0	0	0	0	0	0	0	0	0
559	2016-05-09 00:18:48.29	2016-05-09 00:18:48.31	5	1	0	0	0	0	0	0	0	0	0	0	0
559	2016-05-09 00:18:52.32	2016-05-09 00:18:52.92	6	-1	1	0	0	0	0	0	0	0	0	0	0
559	2016-05-09 00:18:52.92	2016-05-09 00:18:53.03	5	1	0	0	0	0	0	0	0	0	0	0	0
559	2016-05-09 00:18:53.32	2016-05-09 00:18:53.43	6	-1	1	0	0	0	0	0	0	0	0	0	0
559	2016-05-09 00:18:53.06	2016-05-09 00:18:53.90	5	1	0	0	0	0	0	0	0	0	0	0	0
559	2016-05-09 00:18:54.00	2016-05-09 00:18:54.26	5	1	0	0	0	0	0	0	0	0	0	0	0
559	2016-05-09 00:18:54.31	2016-05-09 00:18:54.43	5	1	0	0	0	0	0	0	0	0	0	0	0
559	2016-05-09 00:18:55.78	2016-05-09 00:18:56.03	5	1	0	0	0	0	0	0	0	0	0	0	0
559	2016-05-09 00:18:56.20	2016-05-09 00:18:56.32	5	1	0	0	0	0	0	0	0	0	0	0	0
562	2016-05-09 00:20:34.81	2016-05-09 00:20:34.87	5	1	0	0	0	0	0	0	0	0	0	0	0
562	2016-05-09 00:20:34.90	2016-05-09 00:20:35.03	5	1	0	0	0	0	0	0	0	0	0	0	0
562	2016-05-09 00:20:35.40	2016-05-09 00:20:35.81	5	1	0	0	0	0	0	0	0	0	0	0	0
562	2016-05-09 00:21:26.98	2016-05-09 00:21:27.21	5	1	0	0	0	0	0	0	0	0	0	0	0
562	2016-05-09 00:21:31.75	2016-05-09 00:21:32.76	6	-1	1	0	0	0	0	0	0	0	0	0	0
562	2016-05-09 00:21:37.50	2016-05-09 00:21:38.01	6	-1	1	0	0	0	0	0	0	0	0	0	0
562	2016-05-09 00:22:02.84	2016-05-09 00:22:03.06	5	1	0	0	0	0	0	0	0	0	0	0	0
562	2016-05-09 00:22:01.76	2016-05-09 00:22:03.82	6	-1	1	0	0	0	0	0	0	0	0	0	0
562	2016-05-09 00:22:04.04	2016-05-09 00:22:04.60	5	1	0	0	0	0	0	0	0	0	0	0	0
562	2016-05-09 00:22:04.67	2016-05-09 00:22:04.68	5	1	0	0	0	0	0	0	0	0	0	0	0
562	2016-05-09 00:22:04.98	2016-05-09 00:22:05.31	5	1	0	0	0	0	0	0	0	0	0	0	0
562	2016-05-09 00:22:07.04	2016-05-09 00:22:08.15	6	-1	1	0	0	0	0	0	0	0	0	0	0
562	2016-05-09 00:22:08.18	2016-05-09 00:22:11.18	6	-1	1	0	0	0	0	0	0	0	0	0	0
562	2016-05-09 00:22:11.21	2016-05-09 00:22:11.26	6	-1	1	0	0	0	0	0	0	0	0	0	0
563	2016-05-09 00:22:23.37	2016-05-09 00:22:23.57	6	-1	1	0	0	0	0	0	0	0	0	0	0
569	2016-05-09 00:24:27.14	2016-05-09 00:24:27.64	5	1	0	0	0	0	0	0	0	0	0	0	0
569	2016-05-09 00:24:30.67	2016-05-09 00:24:31.23	5	1	0	0	0	0	0	0	0	0	0	0	0
571	2016-05-09 00:25:47.51	2016-05-09 00:25:48.51	5	1	0	0	0	0	0	0	0	0	0	0	0
571	2016-05-09 00:25:48.64	2016-05-09 00:25:48.85	5	1	0	0	0	0	0	0	0	0	0	0	0
574	2016-05-09 00:26:52.92	2016-05-09 00:26:53.14	5	1	0	0	0	0	0	0	0	0	0	0	0
577	2016-05-09 00:27:59.57	2016-05-09 00:28:00.21	5	1	0	0	0	0	0	0	0	0	0	0	0
577	2016-05-09 00:28:15.43	2016-05-09 00:28:15.57	6	-1	1	0	0	0	0	0	0	0	0	0	0
577	2016-05-09 00:28:16.06	2016-05-09 00:28:16.60	6	-1	1	0	0	0	0	0	0	0	0	0	0
579	2016-05-09 00:30:50.07	2016-05-09 00:30:50.10	5	1	0	0	0	0	0	0	0	0	0	0	0
580	2016-05-09 00:31:01.85	2016-05-09 00:31:02.59	5	1	0	0	0	0	0	0	0	0	0	0	0
581	2016-05-09 00:31:12.53	2016-05-09 00:31:12.70	6	-1	1	0	0	0	0	0	0	0	0	0	0
584	2016-05-09 00:34:20.84	2016-05-09 00:34:21.18	5	1	0	0	0	0	0	0	0	0	0	0	0
585	2016-05-09 00:38:18.57	2016-05-09 00:38:18.82	6	-1	1	0	0	0	0	0	0	0	0	0	0
586	2016-05-09 00:38:32.37	2016-05-09 00:38:33.48	5	1	0	0	0	0	0	0	0	0	0	0	0
589	2016-05-09 00:39:55.34	2016-05-09 00:39:55.43	5	1	0	0	0	0	0	0	0	0	0	0	0
590	2016-05-09 00:40:10.04	2016-05-09 00:40:10.28	5	1	0	0	0	0	0	0	0	0	0	0	0
593	2016-05-09 00:43:00.26	2016-05-09 00:43:00.64	5	1	0	0	0	0	0	0	0	0	0	0	0
594	2016-05-09 00:44:28.50	2016-05-09 00:44:28.81	6	-1	1	0	0	0	0	0	0	0	0	0	0
594	2016-05-09 00:44:30.78	2016-05-09 00:44:31.40	6	-1	1	0	0	0	0	0	0	0	0	0	0
594	2016-05-09 00:44:34.20	2016-05-09 00:44:35.07	5	1	0	0	0	0	0	0	0	0	0	0	0
594	2016-05-09 00:44:53.46	2016-05-09 00:44:53.67	6	-1	1	0	0	0	0	0	0	0	0	0	0
594	2016-05-09 00:44:53.85	2016-05-09 00:44:53.90	6	-1	1	0	0	0	0	0	0	0	0	0	0
594	2016-05-09 00:44:53.95	2016-05-09 00:44:53.96	6	-1	1	0	0	0	0	0	0	0	0	0	0
594	2016-05-09 00:44:54.03	2016-05-09 00:44:54.03	6	-1	1	0	0	0	0	0	0	0	0	0	0
594	2016-05-09 00:44:56.59	2016-05-09 00:44:56.76	6	-1	1	0	0	0	0	0	0	0	0	0	0
594	2016-05-09 00:44:58.79	2016-05-09 00:44:59.01	5	1	0	0	0	0	0	0	0	0	0	0	0
595	2016-05-09 00:45:05.64	2016-05-09 00:45:05.84	6	-1	1	0	0	0	0	0	0	0	0	0	0
595	2016-05-09 00:45:08.76	2016-05-09 00:45:09.29	6	-1	1	0	0	0	0	0	0	0	0	0	0
595	2016-05-09 00:45:15.84	2016-05-09 00:45:16.10	5	1	0	0	0	0	0	0	0	0	0	0	0
595	2016-05-09 00:45:16.54	2016-05-09 00:45:16.67	5	1	0	0	0	0	0	0	0	0	0	0	0
599	2016-05-09 00:46:08.45	2016-05-09 00:46:08.76	5	1	0	0	0	0	0	0	0	0	0	0	0
601	2016-05-09 00:46:45.06	2016-05-09 00:46:45.12	6	-1	1	0	0	0	0	0	0	0	0	0	0
601	2016-05-09 00:46:48.51	2016-05-09 00:46:48.56	6	-1	1	0	0	0	0	0	0	0	0	0	0
601	2016-05-09 00:46:48.62	2016-05-09 00:46:49.28	5	1	0	0	0	0	0	0	0	0	0	0	0
601	2016-05-09 00:46:50.07	2016-05-09 00:46:50.48	6	-1	1	0	0	0	0	0	0	0	0	0	0
601	2016-05-09 00:46:51.50	2016-05-09 00:46:51.53	6	-1	1	0	0	0	0	0	0	0	0	0	0
601	2016-05-09 00:46:51.56	2016-05-09 00:46:53.10	6	-1	1	0	0	0	0	0	0	0	0	0	0
604	2016-05-09 00:48:08.54	2016-05-09 00:48:09.35	5	1	0	0	0	0	0	0	0	0	0	0	0
608	2016-05-09 00:48:49.42	2016-05-09 00:48:49.46	5	1	0	0	0	0	0	0	0	0	0	0	0
608	2016-05-09 00:48:54.39	2016-05-09 00:48:54.82	5	1	0	0	0	0	0	0	0	0	0	0	0
608	2016-05-09 00:48:55.48	2016-05-09 00:48:56.53	5	1	0	0	0	0	0	0	0	0	0	0	0
610	2016-05-09 00:49:17.17	2016-05-09 00:49:17.17	6	-1	1	0	0	0	0	0	0	0	0	0	0
610	2016-05-09 00:49:17.57	2016-05-09 00:49:18.10	6	-1	1	0	0	0	0	0	0	0	0	0	0
613	2016-05-09 00:54:44.39	2016-05-09 00:54:44.96	5	1	0	0	0	0	0	0	0	0	0	0	0
615	2016-05-09 00:58:40.40	2016-05-09 00:58:40.71	6	-1	1	0	0	0	0	0	0	0	0	0	0
616	2016-05-09 01:04:59.98	2016-05-09 01:05:00.87	5	1	0	0	0	0	0	0	0	0	0	0	0
618	2016-05-09 01:10:28.29	2016-05-09 01:10:28.87	6	-1	1	0	0	0	0	0	0	0	0	0	0
620	2016-05-09 01:14:01.20	2016-05-09 01:14:01.21	5	1	0	0	0	0	0	0	0	0	0	0	0
620	2016-05-09 01:14:01.25	2016-05-09 01:14:01.85	5	1	0	0	0	0	0	0	0	0	0	0	0
623	2016-05-09 01:33:27.45	2016-05-09 01:33:27.50	6	-1	1	0	0	0	0	0	0	0	0	0	0
623	2016-05-09 01:33:43.85	2016-05-09 01:33:44.56	5	1	0	0	0	0	0	0	0	0	0	0	0
625	2016-05-09 01:49:38.93	2016-05-09 01:49:39.92	5	1	0	0	0	0	0	0	0	0	0	0	0
629	2016-05-09 02:30:17.23	2016-05-09 02:30:17.75	5	1	0	0	0	0	0	0	0	0	0	0	0
631	2016-05-09 03:12:25.18	2016-05-09 03:12:25.93	5	1	0	0	0	0	0	0	0	0	0	0	0
632	2016-05-09 03:17:15.92	2016-05-09 03:17:16.21	6	-1	1	0	0	0	0	0	0	0	0	0	0
634	2016-05-09 03:29:54.67	2016-05-09 03:29:55.76	5	1	0	0	0	0	0	0	0	0	0	0	0
634	2016-05-09 03:29:56.59	2016-05-09 03:30:02.76	5	1	0	0	0	0	0	0	0	0	0	0	0
635	2016-05-09 04:05:50.70	2016-05-09 04:05:51.56	5	1	0	0	0	0	0	0	0	0	0	0	0
637	2016-05-09 06:06:51.59	2016-05-09 06:06:52.40	5	1	0	0	0	0	0	0	0	0	0	0	0
638	2016-05-09 06:07:00.51	2016-05-09 06:07:01.04	5	1	0	0	0	0	0	0	0	0	0	0	0
641	2016-05-09 06:21:11.76	2016-05-09 06:21:12.31	5	1	0	0	0	0	0	0	0	0	0	0	0
642	2016-05-09 06:56:49.48	2016-05-09 06:56:49.90	5	1	0	0	0	0	0	0	0	0	0	0	0
642	2016-05-09 06:56:50.67	2016-05-09 06:56:50.76	6	-1	1	0	0	0	0	0	0	0	0	0	0
644	2016-05-09 07:04:15.45	2016-05-09 07:04:16.18	5	1	0	0	0	0	0	0	0	0	0	0	0
647	2016-05-09 07:10:09.98	2016-05-09 07:10:10.82	5	1	0	0	0	0	0	0	0	0	0	0	0
648	2016-05-09 07:11:18.82	2016-05-09 07:11:19.53	5	1	0	0	0	0	0	0	0	0	0	0	0
649	2016-05-09 07:15:19.60	2016-05-09 07:15:20.15	5	1	0	0	0	0	0	0	0	0	0	0	0
652	2016-05-09 07:20:19.62	2016-05-09 07:20:20.43	5	1	0	0	0	0	0	0	0	0	0	0	0
653	2016-05-09 07:21:08.75	2016-05-09 07:21:09.35	6	-1	1	0	0	0	0	0	0	0	0	0	0
653	2016-05-09 07:21:16.89	2016-05-09 07:21:17.89	6	-1	1	0	0	0	0	0	0	0	0	0	0
653	2016-05-09 07:21:20.70	2016-05-09 07:21:21.65	6	-1	1	0	0	0	0	0	0	0	0	0	0
653	2016-05-09 07:21:29.17	2016-05-09 07:21:29.39	6	-1	1	0	0	0	0	0	0	0	0	0	0
656	2016-05-09 07:23:07.12	2016-05-09 07:23:07.17	5	1	0	0	0	0	0	0	0	0	0	0	0
656	2016-05-09 07:23:07.26	2016-05-09 07:23:07.70	5	1	0	0	0	0	0	0	0	0	0	0	0
656	2016-05-09 07:23:09.62	2016-05-09 07:23:09.71	6	-1	1	0	0	0	0	0	0	0	0	0	0
659	2016-05-09 07:24:39.96	2016-05-09 07:24:40.95	5	1	0	0	0	0	0	0	0	0	0	0	0
660	2016-05-09 07:24:45.07	2016-05-09 07:24:45.40	5	1	0	0	0	0	0	0	0	0	0	0	0
662	2016-05-09 07:25:21.46	2016-05-09 07:25:21.78	6	-1	1	0	0	0	0	0	0	0	0	0	0
662	2016-05-09 07:25:22.51	2016-05-09 07:25:22.75	6	-1	1	0	0	0	0	0	0	0	0	0	0
662	2016-05-09 07:25:22.85	2016-05-09 07:25:23.07	6	-1	1	0	0	0	0	0	0	0	0	0	0
662	2016-05-09 07:25:23.18	2016-05-09 07:25:23.20	6	-1	1	0	0	0	0	0	0	0	0	0	0
663	2016-05-09 07:25:33.40	2016-05-09 07:25:34.31	5	1	0	0	0	0	0	0	0	0	0	0	0
663	2016-05-09 07:25:47.64	2016-05-09 07:25:47.79	5	1	0	0	0	0	0	0	0	0	0	0	0
663	2016-05-09 07:25:49.71	2016-05-09 07:25:49.75	6	-1	1	0	0	0	0	0	0	0	0	0	0
665	2016-05-09 07:26:28.18	2016-05-09 07:26:28.45	6	-1	1	0	0	0	0	0	0	0	0	0	0
665	2016-05-09 07:26:32.03	2016-05-09 07:26:32.79	5	1	0	0	0	0	0	0	0	0	0	0	0
667	2016-05-09 07:28:39.21	2016-05-09 07:28:39.81	6	-1	1	0	0	0	0	0	0	0	0	0	0
671	2016-05-09 07:29:53.73	2016-05-09 07:29:53.95	6	-1	1	0	0	0	0	0	0	0	0	0	0
675	2016-05-09 07:33:06.64	2016-05-09 07:33:07.20	5	1	0	0	0	0	0	0	0	0	0	0	0
676	2016-05-09 07:34:00.90	2016-05-09 07:34:01.62	5	1	0	0	0	0	0	0	0	0	0	0	0
677	2016-05-09 07:34:29.12	2016-05-09 07:34:29.35	6	-1	1	0	0	0	0	0	0	0	0	0	0
677	2016-05-09 07:34:29.84	2016-05-09 07:34:29.92	6	-1	1	0	0	0	0	0	0	0	0	0	0
677	2016-05-09 07:34:32.84	2016-05-09 07:34:33.28	6	-1	1	0	0	0	0	0	0	0	0	0	0
677	2016-05-09 07:34:33.59	2016-05-09 07:34:34.45	5	1	0	0	0	0	0	0	0	0	0	0	0
679	2016-05-09 07:34:52.78	2016-05-09 07:34:54.04	5	1	0	0	0	0	0	0	0	0	0	0	0
679	2016-05-09 07:34:54.75	2016-05-09 07:34:55.35	5	1	0	0	0	0	0	0	0	0	0	0	0
681	2016-05-09 07:35:19.07	2016-05-09 07:35:19.12	6	-1	1	0	0	0	0	0	0	0	0	0	0
687	2016-05-09 07:45:43.92	2016-05-09 07:45:44.01	5	1	0	0	0	0	0	0	0	0	0	0	0
688	2016-05-09 07:48:38.93	2016-05-09 07:48:39.81	5	1	0	0	0	0	0	0	0	0	0	0	0
691	2016-05-09 07:49:23.29	2016-05-09 07:49:23.37	6	-1	1	0	0	0	0	0	0	0	0	0	0
691	2016-05-09 07:49:28.00	2016-05-09 07:49:28.68	5	1	0	0	0	0	0	0	0	0	0	0	0
693	2016-05-09 07:53:00.42	2016-05-09 07:53:01.48	5	1	0	0	0	0	0	0	0	0	0	0	0
693	2016-05-09 07:53:24.32	2016-05-09 07:53:25.34	6	-1	1	0	0	0	0	0	0	0	0	0	0
695	2016-05-09 07:54:10.07	2016-05-09 07:54:11.57	5	1	0	0	0	0	0	0	0	0	0	0	0
696	2016-05-09 07:55:01.89	2016-05-09 07:55:02.14	6	-1	1	0	0	0	0	0	0	0	0	0	0
697	2016-05-09 07:56:26.92	2016-05-09 07:56:27.81	6	-1	1	0	0	0	0	0	0	0	0	0	0
697	2016-05-09 07:56:27.87	2016-05-09 07:56:27.90	6	-1	1	0	0	0	0	0	0	0	0	0	0
697	2016-05-09 07:56:35.60	2016-05-09 07:56:38.14	5	1	0	0	0	0	0	0	0	0	0	0	0
697	2016-05-09 07:56:41.76	2016-05-09 07:56:41.85	5	1	0	0	0	0	0	0	0	0	0	0	0
697	2016-05-09 07:56:41.89	2016-05-09 07:56:44.06	5	1	0	0	0	0	0	0	0	0	0	0	0
697	2016-05-09 07:56:44.15	2016-05-09 07:56:45.10	5	1	0	0	0	0	0	0	0	0	0	0	0
697	2016-05-09 07:56:45.89	2016-05-09 07:56:46.37	5	1	0	0	0	0	0	0	0	0	0	0	0
697	2016-05-09 07:56:50.71	2016-05-09 07:56:52.09	5	1	0	0	0	0	0	0	0	0	0	0	0
697	2016-05-09 07:56:55.62	2016-05-09 07:56:57.59	5	1	0	0	0	0	0	0	0	0	0	0	0
697	2016-05-09 07:56:58.04	2016-05-09 07:56:59.10	5	1	0	0	0	0	0	0	0	0	0	0	0
697	2016-05-09 07:57:02.25	2016-05-09 07:57:04.93	6	-1	1	0	0	0	0	0	0	0	0	0	0
697	2016-05-09 07:57:10.89	2016-05-09 07:57:10.98	6	-1	1	0	0	0	0	0	0	0	0	0	0
698	2016-05-09 07:57:18.45	2016-05-09 07:57:19.70	5	1	0	0	0	0	0	0	0	0	0	0	0
701	2016-05-09 08:04:43.93	2016-05-09 08:04:44.50	5	1	0	0	0	0	0	0	0	0	0	0	0
703	2016-05-09 08:09:43.59	2016-05-09 08:09:44.37	5	1	0	0	0	0	0	0	0	0	0	0	0
704	2016-05-09 08:13:55.46	2016-05-09 08:13:56.50	5	1	0	0	0	0	0	0	0	0	0	0	0
709	2016-05-09 08:16:41.96	2016-05-09 08:16:42.09	5	1	0	0	0	0	0	0	0	0	0	0	0
709	2016-05-09 08:16:42.28	2016-05-09 08:16:42.73	5	1	0	0	0	0	0	0	0	0	0	0	0
710	2016-05-09 08:17:03.60	2016-05-09 08:17:04.51	5	1	0	0	0	0	0	0	0	0	0	0	0
711	2016-05-09 08:18:36.84	2016-05-09 08:18:38.01	5	1	0	0	0	0	0	0	0	0	0	0	0
711	2016-05-09 08:18:53.87	2016-05-09 08:18:53.98	5	1	0	0	0	0	0	0	0	0	0	0	0
714	2016-05-09 08:22:55.87	2016-05-09 08:22:56.10	5	1	0	0	0	0	0	0	0	0	0	0	0
714	2016-05-09 08:22:59.51	2016-05-09 08:22:59.62	5	1	0	0	0	0	0	0	0	0	0	0	0
714	2016-05-09 08:22:59.71	2016-05-09 08:22:59.95	5	1	0	0	0	0	0	0	0	0	0	0	0
714	2016-05-09 08:23:00.10	2016-05-09 08:23:00.15	5	1	0	0	0	0	0	0	0	0	0	0	0
714	2016-05-09 08:22:59.93	2016-05-09 08:23:00.56	6	-1	1	0	0	0	0	0	0	0	0	0	0
714	2016-05-09 08:23:00.87	2016-05-09 08:23:00.87	6	-1	1	0	0	0	0	0	0	0	0	0	0
714	2016-05-09 08:23:01.79	2016-05-09 08:23:02.00	6	-1	1	0	0	0	0	0	0	0	0	0	0
714	2016-05-09 08:23:00.67	2016-05-09 08:23:02.68	5	1	0	0	0	0	0	0	0	0	0	0	0
714	2016-05-09 08:23:07.40	2016-05-09 08:23:12.23	6	-1	1	0	0	0	0	0	0	0	0	0	0
714	2016-05-09 08:23:12.51	2016-05-09 08:23:13.18	6	-1	1	0	0	0	0	0	0	0	0	0	0
714	2016-05-09 08:23:14.00	2016-05-09 08:23:17.35	6	-1	1	0	0	0	0	0	0	0	0	0	0
714	2016-05-09 08:23:17.40	2016-05-09 08:23:18.12	6	-1	1	0	0	0	0	0	0	0	0	0	0
714	2016-05-09 08:23:18.29	2016-05-09 08:23:18.32	6	-1	1	0	0	0	0	0	0	0	0	0	0
714	2016-05-09 08:23:18.43	2016-05-09 08:23:19.59	6	-1	1	0	0	0	0	0	0	0	0	0	0
714	2016-05-09 08:23:22.84	2016-05-09 08:23:23.04	5	1	0	0	0	0	0	0	0	0	0	0	0
715	2016-05-09 08:23:23.29	2016-05-09 08:23:23.37	5	1	0	0	0	0	0	0	0	0	0	0	0
715	2016-05-09 08:23:23.45	2016-05-09 08:23:24.43	5	1	0	0	0	0	0	0	0	0	0	0	0
715	2016-05-09 08:23:24.50	2016-05-09 08:23:24.56	5	1	0	0	0	0	0	0	0	0	0	0	0
715	2016-05-09 08:23:24.81	2016-05-09 08:23:24.82	5	1	0	0	0	0	0	0	0	0	0	0	0
715	2016-05-09 08:23:24.96	2016-05-09 08:23:26.81	5	1	0	0	0	0	0	0	0	0	0	0	0
715	2016-05-09 08:23:27.06	2016-05-09 08:23:27.51	5	1	0	0	0	0	0	0	0	0	0	0	0
715	2016-05-09 08:23:27.04	2016-05-09 08:23:32.20	6	-1	1	0	0	0	0	0	0	0	0	0	0
715	2016-05-09 08:23:32.43	2016-05-09 08:23:33.34	6	-1	1	0	0	0	0	0	0	0	0	0	0
716	2016-05-09 08:23:36.09	2016-05-09 08:23:37.54	5	1	0	0	0	0	0	0	0	0	0	0	0
716	2016-05-09 08:23:37.57	2016-05-09 08:23:37.62	5	1	0	0	0	0	0	0	0	0	0	0	0
716	2016-05-09 08:23:35.53	2016-05-09 08:23:38.03	6	-1	1	0	0	0	0	0	0	0	0	0	0
716	2016-05-09 08:23:38.12	2016-05-09 08:23:38.50	6	-1	1	0	0	0	0	0	0	0	0	0	0
716	2016-05-09 08:23:38.73	2016-05-09 08:23:39.37	6	-1	1	0	0	0	0	0	0	0	0	0	0
718	2016-05-09 08:27:44.12	2016-05-09 08:27:44.17	6	-1	1	0	0	0	0	0	0	0	0	0	0
718	2016-05-09 08:28:00.37	2016-05-09 08:28:00.60	5	1	0	0	0	0	0	0	0	0	0	0	0
721	2016-05-09 08:30:36.35	2016-05-09 08:30:37.04	5	1	0	0	0	0	0	0	0	0	0	0	0
724	2016-05-09 08:34:11.67	2016-05-09 08:34:12.12	5	1	0	0	0	0	0	0	0	0	0	0	0
726	2016-05-09 08:41:48.12	2016-05-09 08:41:48.85	5	1	0	0	0	0	0	0	0	0	0	0	0
728	2016-05-09 08:55:22.32	2016-05-09 08:55:22.98	5	1	0	0	0	0	0	0	0	0	0	0	0
728	2016-05-09 08:55:24.71	2016-05-09 08:55:25.01	5	1	0	0	0	0	0	0	0	0	0	0	0
730	2016-05-09 09:02:56.92	2016-05-09 09:02:57.75	5	1	0	0	0	0	0	0	0	0	0	0	0
731	2016-05-09 09:08:22.20	2016-05-09 09:08:22.92	5	1	0	0	0	0	0	0	0	0	0	0	0
736	2016-05-09 10:36:46.48	2016-05-09 10:36:46.60	5	1	0	0	0	0	0	0	0	0	0	0	0
736	2016-05-09 10:36:46.62	2016-05-09 10:36:47.14	5	1	0	0	0	0	0	0	0	0	0	0	0
737	2016-05-09 10:36:59.00	2016-05-09 10:36:59.20	5	1	0	0	0	0	0	0	0	0	0	0	0
738	2016-05-09 10:38:22.79	2016-05-09 10:38:23.70	5	1	0	0	0	0	0	0	0	0	0	0	0
738	2016-05-09 10:38:26.21	2016-05-09 10:38:26.25	6	-1	1	0	0	0	0	0	0	0	0	0	0
738	2016-05-09 10:38:26.50	2016-05-09 10:38:26.67	6	-1	1	0	0	0	0	0	0	0	0	0	0
738	2016-05-09 10:38:27.20	2016-05-09 10:38:27.25	6	-1	1	0	0	0	0	0	0	0	0	0	0
738	2016-05-09 10:38:27.51	2016-05-09 10:38:27.92	6	-1	1	0	0	0	0	0	0	0	0	0	0
738	2016-05-09 10:38:28.09	2016-05-09 10:38:28.53	6	-1	1	0	0	0	0	0	0	0	0	0	0
738	2016-05-09 10:38:28.68	2016-05-09 10:38:30.25	6	-1	1	0	0	0	0	0	0	0	0	0	0
739	2016-05-09 10:39:04.37	2016-05-09 10:39:05.17	5	1	0	0	0	0	0	0	0	0	0	0	0
741	2016-05-09 10:43:12.57	2016-05-09 10:43:13.26	5	1	0	0	0	0	0	0	0	0	0	0	0
743	2016-05-09 10:43:51.64	2016-05-09 10:43:51.85	6	-1	1	0	0	0	0	0	0	0	0	0	0
744	2016-05-09 10:44:57.82	2016-05-09 10:44:57.90	6	-1	1	0	0	0	0	0	0	0	0	0	0
745	2016-05-09 10:46:21.39	2016-05-09 10:46:21.54	6	-1	1	0	0	0	0	0	0	0	0	0	0
746	2016-05-09 10:48:01.62	2016-05-09 10:48:01.92	5	1	0	0	0	0	0	0	0	0	0	0	0
746	2016-05-09 10:48:01.95	2016-05-09 10:48:02.70	5	1	0	0	0	0	0	0	0	0	0	0	0
747	2016-05-09 10:48:58.03	2016-05-09 10:48:59.00	5	1	0	0	0	0	0	0	0	0	0	0	0
747	2016-05-09 10:49:25.60	2016-05-09 10:49:25.85	6	-1	1	0	0	0	0	0	0	0	0	0	0
749	2016-05-09 10:51:58.67	2016-05-09 10:51:58.71	5	1	0	0	0	0	0	0	0	0	0	0	0
749	2016-05-09 10:51:58.98	2016-05-09 10:51:59.60	5	1	0	0	0	0	0	0	0	0	0	0	0
749	2016-05-09 10:52:04.32	2016-05-09 10:52:04.54	6	-1	1	0	0	0	0	0	0	0	0	0	0
751	2016-05-09 10:56:39.57	2016-05-09 10:56:40.48	5	1	0	0	0	0	0	0	0	0	0	0	0
