VisitID	Start	End	Side	SideCondition	SideError	TimeError	ConditionError	LickNumber	LickContactTime	LickDuration	AirState	DoorState	LED1State	LED2State	LED3State
4	2016-05-15 18:07:32.65	2016-05-15 18:07:33.50	5	1	0	0	0	0	0	0	0	0	0	0	0
5	2016-05-15 18:07:39.39	2016-05-15 18:07:40.95	5	1	0	0	0	0	0	0	0	0	0	0	0
10	2016-05-15 18:09:41.37	2016-05-15 18:09:41.92	5	1	0	0	0	0	0	0	0	0	0	0	0
10	2016-05-15 18:09:47.21	2016-05-15 18:09:47.34	6	-1	1	0	0	0	0	0	0	0	0	0	0
11	2016-05-15 18:10:26.04	2016-05-15 18:10:26.78	5	1	0	0	0	0	0	0	0	0	0	0	0
12	2016-05-15 18:10:34.59	2016-05-15 18:10:35.28	6	-1	1	0	0	0	0	0	0	0	0	0	0
12	2016-05-15 18:10:35.06	2016-05-15 18:10:35.93	5	1	0	0	0	0	0	0	0	0	0	0	0
12	2016-05-15 18:10:48.75	2016-05-15 18:10:49.92	5	1	0	0	0	0	0	0	0	0	0	0	0
12	2016-05-15 18:10:50.98	2016-05-15 18:10:51.21	5	1	0	0	0	0	0	0	0	0	0	0	0
12	2016-05-15 18:10:51.60	2016-05-15 18:10:51.98	5	1	0	0	0	0	0	0	0	0	0	0	0
18	2016-05-15 18:12:38.17	2016-05-15 18:12:39.37	6	-1	1	0	0	0	0	0	0	0	0	0	0
18	2016-05-15 18:12:39.45	2016-05-15 18:12:39.85	5	1	0	0	0	0	0	0	0	0	0	0	0
18	2016-05-15 18:12:39.89	2016-05-15 18:12:39.96	5	1	0	0	0	0	0	0	0	0	0	0	0
19	2016-05-15 18:12:57.59	2016-05-15 18:12:57.75	5	1	0	0	0	0	0	0	0	0	0	0	0
19	2016-05-15 18:12:59.15	2016-05-15 18:12:59.17	5	1	0	0	0	0	0	0	0	0	0	0	0
19	2016-05-15 18:12:59.20	2016-05-15 18:12:59.25	5	1	0	0	0	0	0	0	0	0	0	0	0
21	2016-05-15 18:13:51.78	2016-05-15 18:13:52.62	5	1	0	0	0	0	0	0	0	0	0	0	0
23	2016-05-15 18:14:24.65	2016-05-15 18:14:25.09	5	1	0	0	0	0	0	0	0	0	0	0	0
23	2016-05-15 18:14:25.12	2016-05-15 18:14:25.23	6	-1	1	0	0	0	0	0	0	0	0	0	0
23	2016-05-15 18:14:25.12	2016-05-15 18:14:25.23	5	1	0	0	0	0	0	0	0	0	0	0	0
23	2016-05-15 18:14:25.39	2016-05-15 18:14:25.73	6	-1	1	0	0	0	0	0	0	0	0	0	0
24	2016-05-15 18:15:08.09	2016-05-15 18:15:08.67	5	1	0	0	0	0	0	0	0	0	0	0	0
24	2016-05-15 18:15:11.84	2016-05-15 18:15:11.87	6	-1	1	0	0	0	0	0	0	0	0	0	0
27	2016-05-15 18:16:09.00	2016-05-15 18:16:09.40	5	1	0	0	0	0	0	0	0	0	0	0	0
29	2016-05-15 18:18:27.45	2016-05-15 18:18:27.46	5	1	0	0	0	0	0	0	0	0	0	0	0
29	2016-05-15 18:18:31.84	2016-05-15 18:18:31.95	6	-1	1	0	0	0	0	0	0	0	0	0	0
29	2016-05-15 18:18:33.67	2016-05-15 18:18:34.29	5	1	0	0	0	0	0	0	0	0	0	0	0
29	2016-05-15 18:18:38.84	2016-05-15 18:18:38.87	6	-1	1	0	0	0	0	0	0	0	0	0	0
30	2016-05-15 18:19:24.70	2016-05-15 18:19:25.25	5	1	0	0	0	0	0	0	0	0	0	0	0
32	2016-05-15 18:20:09.70	2016-05-15 18:20:09.73	6	-1	1	0	0	0	0	0	0	0	0	0	0
32	2016-05-15 18:20:10.65	2016-05-15 18:20:11.34	5	1	0	0	0	0	0	0	0	0	0	0	0
34	2016-05-15 18:20:40.01	2016-05-15 18:20:41.34	5	1	0	0	0	0	0	0	0	0	0	0	0
35	2016-05-15 18:22:42.21	2016-05-15 18:22:43.21	5	1	0	0	0	0	0	0	0	0	0	0	0
35	2016-05-15 18:22:43.29	2016-05-15 18:22:43.39	5	1	0	0	0	0	0	0	0	0	0	0	0
37	2016-05-15 18:22:59.73	2016-05-15 18:23:00.25	5	1	0	0	0	0	0	0	0	0	0	0	0
44	2016-05-15 18:29:07.53	2016-05-15 18:29:08.18	5	1	0	0	0	0	0	0	0	0	0	0	0
44	2016-05-15 18:29:13.76	2016-05-15 18:29:13.85	6	-1	1	0	0	0	0	0	0	0	0	0	0
45	2016-05-15 18:29:51.75	2016-05-15 18:29:53.39	5	1	0	0	0	0	0	0	0	0	0	0	0
45	2016-05-15 18:29:54.90	2016-05-15 18:29:55.53	6	-1	1	0	0	0	0	0	0	0	0	0	0
46	2016-05-15 18:30:26.17	2016-05-15 18:30:27.01	5	1	0	0	0	0	0	0	0	0	0	0	0
47	2016-05-15 18:30:44.37	2016-05-15 18:30:47.03	5	1	0	0	0	0	0	0	0	0	0	0	0
48	2016-05-15 18:36:32.51	2016-05-15 18:36:32.98	5	1	0	0	0	0	0	0	0	0	0	0	0
50	2016-05-15 18:37:56.40	2016-05-15 18:37:57.46	5	1	0	0	0	0	0	0	0	0	0	0	0
55	2016-05-15 18:41:25.40	2016-05-15 18:41:26.62	5	1	0	0	0	0	0	0	0	0	0	0	0
55	2016-05-15 18:41:27.85	2016-05-15 18:41:28.65	6	-1	1	0	0	0	0	0	0	0	0	0	0
57	2016-05-15 18:42:14.54	2016-05-15 18:42:16.40	5	1	0	0	0	0	0	0	0	0	0	0	0
57	2016-05-15 18:42:17.17	2016-05-15 18:42:17.87	6	-1	1	0	0	0	0	0	0	0	0	0	0
58	2016-05-15 18:44:14.84	2016-05-15 18:44:14.98	6	-1	1	0	0	0	0	0	0	0	0	0	0
58	2016-05-15 18:44:18.35	2016-05-15 18:44:20.18	5	1	0	0	0	0	0	0	0	0	0	0	0
58	2016-05-15 18:44:25.70	2016-05-15 18:44:26.10	5	1	0	0	0	0	0	0	0	0	0	0	0
59	2016-05-15 18:44:56.85	2016-05-15 18:44:57.54	5	1	0	0	0	0	0	0	0	0	0	0	0
59	2016-05-15 18:44:59.56	2016-05-15 18:44:59.73	6	-1	1	0	0	0	0	0	0	0	0	0	0
59	2016-05-15 18:45:00.00	2016-05-15 18:45:00.04	6	-1	1	0	0	0	0	0	0	0	0	0	0
59	2016-05-15 18:45:02.54	2016-05-15 18:45:02.57	6	-1	1	0	0	0	0	0	0	0	0	0	0
59	2016-05-15 18:45:04.28	2016-05-15 18:45:04.29	6	-1	1	0	0	0	0	0	0	0	0	0	0
59	2016-05-15 18:45:50.07	2016-05-15 18:45:51.37	5	1	0	0	0	0	0	0	0	0	0	0	0
59	2016-05-15 18:46:08.84	2016-05-15 18:46:08.95	5	1	0	0	0	0	0	0	0	0	0	0	0
62	2016-05-15 18:49:07.10	2016-05-15 18:49:09.04	5	1	0	0	0	0	0	0	0	0	0	0	0
63	2016-05-15 18:49:59.98	2016-05-15 18:50:00.34	5	1	0	0	0	0	0	0	0	0	0	0	0
64	2016-05-15 18:50:19.21	2016-05-15 18:50:19.95	5	1	0	0	0	0	0	0	0	0	0	0	0
65	2016-05-15 18:54:08.75	2016-05-15 18:54:08.90	5	1	0	0	0	0	0	0	0	0	0	0	0
68	2016-05-15 19:00:45.28	2016-05-15 19:00:45.51	5	1	0	1	0	0	0	0	0	0	0	0	0
69	2016-05-15 19:05:29.93	2016-05-15 19:05:31.21	5	1	0	0	0	0	0	0	0	0	0	0	0
69	2016-05-15 19:05:33.17	2016-05-15 19:05:41.01	5	1	0	1	0	0	0	0	0	0	0	0	0
69	2016-05-15 19:05:42.21	2016-05-15 19:05:44.15	5	1	0	1	0	0	0	0	0	0	0	0	0
69	2016-05-15 19:05:44.48	2016-05-15 19:05:44.95	5	1	0	1	0	0	0	0	0	0	0	0	0
70	2016-05-15 19:05:49.26	2016-05-15 19:06:13.82	5	1	0	0	0	6	0.145	0.578125	0	0	0	0	0
71	2016-05-15 19:07:25.68	2016-05-15 19:07:26.40	5	1	0	1	0	0	0	0	0	0	0	0	0
71	2016-05-15 19:07:27.34	2016-05-15 19:07:27.85	5	1	0	1	0	0	0	0	0	0	0	0	0
72	2016-05-15 19:14:09.85	2016-05-15 19:14:27.93	5	1	0	0	0	5	0.201	0.59375	0	0	0	0	0
73	2016-05-15 19:14:35.56	2016-05-15 19:14:55.20	5	1	0	0	0	10	0.344	1	0	0	0	0	0
74	2016-05-15 19:15:02.98	2016-05-15 19:15:19.54	5	1	0	0	0	11	0.33	1.0625	0	0	0	0	0
75	2016-05-15 19:48:03.53	2016-05-15 19:48:04.34	5	1	0	0	0	0	0	0	0	0	0	0	0
75	2016-05-15 19:48:04.37	2016-05-15 19:48:05.67	5	1	0	1	0	1	0.057	0.140625	0	0	0	0	0
75	2016-05-15 19:48:13.01	2016-05-15 19:48:14.46	5	1	0	1	0	0	0	0	0	0	0	0	0
76	2016-05-15 19:48:22.17	2016-05-15 19:48:30.09	5	1	0	0	0	25	1.188	2.703125	0	0	0	0	0
77	2016-05-15 19:49:11.00	2016-05-15 19:49:18.46	5	1	0	0	0	7	0.175	0.703125	0	0	0	0	0
78	2016-05-15 19:49:22.76	2016-05-15 19:49:34.06	5	1	0	0	0	18	0.519	1.65625	0	0	0	0	0
79	2016-05-15 19:49:48.04	2016-05-15 19:50:02.40	5	1	0	0	0	14	0.417	1.359375	0	0	0	0	0
81	2016-05-15 20:01:05.73	2016-05-15 20:01:18.68	5	1	0	0	0	8	0.397	0.875	0	0	0	0	0
82	2016-05-15 20:01:26.82	2016-05-15 20:01:27.31	5	1	0	1	0	0	0	0	0	0	0	0	0
82	2016-05-15 20:01:27.37	2016-05-15 20:01:27.75	5	1	0	1	0	0	0	0	0	0	0	0	0
83	2016-05-15 20:01:52.87	2016-05-15 20:01:53.45	5	1	0	1	0	0	0	0	0	0	0	0	0
83	2016-05-15 20:01:53.85	2016-05-15 20:01:54.43	5	1	0	1	0	0	0	0	0	0	0	0	0
85	2016-05-15 20:05:22.37	2016-05-15 20:05:28.89	5	1	0	0	0	9	0.191	0.859375	0	0	0	0	0
86	2016-05-15 20:05:42.84	2016-05-15 20:05:45.01	5	1	0	0	0	1	0.015	0.078125	0	0	0	0	0
87	2016-05-15 20:06:22.59	2016-05-15 20:06:34.26	5	1	0	0	0	8	0.229	0.75	0	0	0	0	0
88	2016-05-15 20:06:51.71	2016-05-15 20:06:58.54	5	1	0	0	0	7	0.175	0.609375	0	0	0	0	0
89	2016-05-15 20:07:34.18	2016-05-15 20:07:35.14	5	1	0	1	0	0	0	0	0	0	0	0	0
89	2016-05-15 20:07:37.68	2016-05-15 20:07:38.14	6	-1	1	1	0	0	0	0	0	0	0	0	0
90	2016-05-15 20:07:43.84	2016-05-15 20:07:53.51	5	1	0	0	0	8	0.218	0.75	0	0	0	0	0
90	2016-05-15 20:08:01.23	2016-05-15 20:08:01.59	5	1	0	1	0	0	0	0	0	0	0	0	0
91	2016-05-15 20:10:41.87	2016-05-15 20:10:42.90	5	1	0	1	0	0	0	0	0	0	0	0	0
93	2016-05-15 20:10:55.95	2016-05-15 20:11:16.39	5	1	0	0	0	12	0.319	1.21875	0	0	0	0	0
94	2016-05-15 20:11:29.09	2016-05-15 20:11:40.42	5	1	0	0	0	10	0.289	1.015625	0	0	0	0	0
95	2016-05-15 20:11:51.89	2016-05-15 20:11:52.45	5	1	0	1	0	0	0	0	0	0	0	0	0
95	2016-05-15 20:11:54.56	2016-05-15 20:11:54.57	6	-1	1	1	0	0	0	0	0	0	0	0	0
96	2016-05-15 20:12:02.34	2016-05-15 20:12:10.57	5	1	0	0	0	11	0.302	1.046875	0	0	0	0	0
97	2016-05-15 20:12:14.25	2016-05-15 20:12:28.03	5	1	0	0	0	12	0.344	1.078125	0	0	0	0	0
99	2016-05-15 20:12:45.50	2016-05-15 20:13:08.29	5	1	0	0	0	12	0.304	1.109375	0	0	0	0	0
100	2016-05-15 20:13:13.00	2016-05-15 20:13:19.40	5	1	0	0	0	17	0.418	1.53125	0	0	0	0	0
101	2016-05-15 20:13:26.59	2016-05-15 20:13:34.90	5	1	0	0	0	11	0.328	1.15625	0	0	0	0	0
102	2016-05-15 20:13:40.79	2016-05-15 20:13:56.00	5	1	0	0	0	11	0.442	1.171875	0	0	0	0	0
103	2016-05-15 20:13:59.03	2016-05-15 20:13:59.04	5	1	0	1	0	0	0	0	0	0	0	0	0
103	2016-05-15 20:13:59.12	2016-05-15 20:14:00.68	5	1	0	1	0	0	0	0	0	0	0	0	0
103	2016-05-15 20:14:10.01	2016-05-15 20:14:10.28	5	1	0	1	0	0	0	0	0	0	0	0	0
104	2016-05-15 20:14:33.50	2016-05-15 20:14:41.68	5	1	0	0	0	12	0.249	1.03125	0	0	0	0	0
105	2016-05-15 20:14:49.53	2016-05-15 20:15:05.42	5	1	0	0	0	12	0.342	1.125	0	0	0	0	0
106	2016-05-15 20:15:19.51	2016-05-15 20:15:28.23	5	1	0	0	0	10	0.318	1.015625	0	0	0	0	0
107	2016-05-15 20:16:37.76	2016-05-15 20:16:46.87	5	1	0	0	0	16	0.503	1.46875	0	0	0	0	0
108	2016-05-15 20:16:55.64	2016-05-15 20:16:56.23	5	1	0	1	0	0	0	0	0	0	0	0	0
109	2016-05-15 20:17:06.54	2016-05-15 20:17:15.03	5	1	0	0	0	11	0.261	1.078125	0	0	0	0	0
110	2016-05-15 20:17:22.93	2016-05-15 20:17:32.95	5	1	0	0	0	13	0.387	1.140625	0	0	0	0	0
111	2016-05-15 20:18:28.42	2016-05-15 20:18:34.50	5	1	0	0	0	4	0.13	0.421875	0	0	0	0	0
112	2016-05-15 20:18:42.85	2016-05-15 20:18:49.67	5	1	0	0	0	20	1.162	2.421875	0	0	0	0	0
113	2016-05-15 20:18:54.07	2016-05-15 20:18:54.50	5	1	0	1	0	0	0	0	0	0	0	0	0
114	2016-05-15 20:19:00.26	2016-05-15 20:19:08.76	5	1	0	0	0	11	0.483	1.171875	0	0	0	0	0
115	2016-05-15 20:19:13.06	2016-05-15 20:19:19.67	5	1	0	0	0	12	0.334	1.21875	0	0	0	0	0
116	2016-05-15 20:19:24.09	2016-05-15 20:19:29.85	5	1	0	0	0	9	0.439	1.03125	0	0	0	0	0
117	2016-05-15 20:19:33.71	2016-05-15 20:19:41.12	5	1	0	0	0	7	0.229	0.6875	0	0	0	0	0
117	2016-05-15 20:19:41.17	2016-05-15 20:19:41.20	5	1	0	1	0	0	0	0	0	0	0	0	0
118	2016-05-15 20:19:44.90	2016-05-15 20:19:45.39	5	1	0	1	0	0	0	0	0	0	0	0	0
120	2016-05-15 20:20:08.59	2016-05-15 20:20:17.50	5	1	0	0	0	13	0.194	1.09375	0	0	0	0	0
121	2016-05-15 20:21:25.23	2016-05-15 20:21:25.51	5	1	0	1	0	0	0	0	0	0	0	0	0
121	2016-05-15 20:21:27.64	2016-05-15 20:21:27.98	5	1	0	1	0	0	0	0	0	0	0	0	0
122	2016-05-15 20:21:35.68	2016-05-15 20:21:48.23	5	1	0	0	0	12	0.596	1.3125	0	0	0	0	0
123	2016-05-15 20:21:52.81	2016-05-15 20:22:03.43	5	1	0	0	0	9	0.246	0.921875	0	0	0	0	0
124	2016-05-15 20:22:15.45	2016-05-15 20:22:15.57	5	1	0	1	0	0	0	0	0	0	0	0	0
125	2016-05-15 20:24:03.09	2016-05-15 20:24:13.75	5	1	0	0	0	11	0.374	1.140625	0	0	0	0	0
127	2016-05-15 20:24:27.92	2016-05-15 20:24:37.51	5	1	0	0	0	8	0.273	0.875	0	0	0	0	0
128	2016-05-15 20:27:01.21	2016-05-15 20:27:09.09	5	1	0	0	0	12	0.958	1.59375	0	0	0	0	0
129	2016-05-15 20:28:29.53	2016-05-15 20:28:37.68	5	1	0	0	0	8	0.148	0.6875	0	0	0	0	0
130	2016-05-15 20:28:46.60	2016-05-15 20:28:56.98	5	1	0	0	0	12	0.515	1.4375	0	0	0	0	0
131	2016-05-15 20:29:03.84	2016-05-15 20:29:07.60	5	1	0	0	0	11	0.317	1.078125	0	0	0	0	0
132	2016-05-15 20:29:12.37	2016-05-15 20:29:22.12	5	1	0	0	0	10	0.275	0.921875	0	0	0	0	0
133	2016-05-15 20:29:25.46	2016-05-15 20:29:32.73	5	1	0	0	0	7	0.243	0.71875	0	0	0	0	0
134	2016-05-15 20:29:37.15	2016-05-15 20:29:59.59	5	1	0	0	0	13	0.32	1.21875	0	0	0	0	0
135	2016-05-15 20:30:05.92	2016-05-15 20:30:26.00	5	1	0	0	0	10	0.426	1.078125	0	0	0	0	0
136	2016-05-15 20:30:43.28	2016-05-15 20:30:58.39	5	1	0	0	0	14	0.429	1.359375	0	0	0	0	0
137	2016-05-15 20:31:03.60	2016-05-15 20:31:03.89	5	1	0	1	0	0	0	0	0	0	0	0	0
138	2016-05-15 20:32:10.35	2016-05-15 20:32:10.79	5	1	0	1	0	0	0	0	0	0	0	0	0
139	2016-05-15 20:32:23.17	2016-05-15 20:32:45.48	5	1	0	0	0	9	0.246	0.9375	0	0	0	0	0
140	2016-05-15 20:32:51.65	2016-05-15 20:33:19.23	5	1	0	0	0	5	0.171	0.46875	0	0	0	0	0
141	2016-05-15 20:33:28.78	2016-05-15 20:33:28.92	5	1	0	1	0	0	0	0	0	0	0	0	0
142	2016-05-15 20:33:53.42	2016-05-15 20:34:00.07	5	1	0	0	0	5	0.159	0.5625	0	0	0	0	0
143	2016-05-15 20:34:07.37	2016-05-15 20:34:18.28	5	1	0	0	0	17	0.364	1.46875	0	0	0	0	0
144	2016-05-15 20:34:24.95	2016-05-15 20:34:35.79	5	1	0	0	0	16	0.39	1.453125	0	0	0	0	0
145	2016-05-15 20:34:40.39	2016-05-15 20:34:40.40	5	1	0	1	0	0	0	0	0	0	0	0	0
146	2016-05-15 20:34:58.60	2016-05-15 20:34:58.62	5	1	0	1	0	0	0	0	0	0	0	0	0
146	2016-05-15 20:34:58.64	2016-05-15 20:34:59.21	5	1	0	1	0	0	0	0	0	0	0	0	0
147	2016-05-15 20:35:29.90	2016-05-15 20:35:46.34	5	1	0	0	0	12	0.527	1.390625	0	0	0	0	0
148	2016-05-15 20:35:55.01	2016-05-15 20:35:59.12	5	1	0	0	0	4	1.796	2.09375	0	0	0	0	0
149	2016-05-15 20:36:05.21	2016-05-15 20:36:13.73	5	1	0	0	0	11	0.415	1.1875	0	0	0	0	0
149	2016-05-15 20:36:20.39	2016-05-15 20:36:20.43	5	1	0	1	0	0	0	0	0	0	0	0	0
149	2016-05-15 20:36:21.14	2016-05-15 20:36:21.35	5	1	0	1	0	0	0	0	0	0	0	0	0
151	2016-05-15 20:37:25.14	2016-05-15 20:37:32.23	5	1	0	0	0	11	0.247	1.03125	0	0	0	0	0
152	2016-05-15 20:37:45.56	2016-05-15 20:37:45.59	5	1	0	1	0	0	0	0	0	0	0	0	0
152	2016-05-15 20:37:47.54	2016-05-15 20:37:47.79	5	1	0	1	0	0	0	0	0	0	0	0	0
153	2016-05-15 20:37:58.09	2016-05-15 20:37:58.50	5	1	0	1	0	0	0	0	0	0	0	0	0
154	2016-05-15 20:38:40.73	2016-05-15 20:38:48.14	5	1	0	0	0	9	0.15	0.578125	0	0	0	0	0
155	2016-05-15 20:38:54.20	2016-05-15 20:39:02.84	5	1	0	0	0	6	0.286	0.671875	0	0	0	0	0
156	2016-05-15 20:39:08.71	2016-05-15 20:39:14.81	5	1	0	0	0	11	0.179	0.984375	0	0	0	0	0
157	2016-05-15 20:39:18.57	2016-05-15 20:39:25.40	5	1	0	0	0	13	0.404	1.375	0	0	0	0	0
158	2016-05-15 20:39:30.98	2016-05-15 20:39:31.12	5	1	0	1	0	0	0	0	0	0	0	0	0
159	2016-05-15 20:39:37.90	2016-05-15 20:39:47.60	5	1	0	0	0	12	0.345	1.15625	0	0	0	0	0
160	2016-05-15 20:39:53.07	2016-05-15 20:40:07.73	5	1	0	0	0	12	0.487	1.375	0	0	0	0	0
161	2016-05-15 20:42:21.75	2016-05-15 20:42:30.93	5	1	0	0	0	26	0.575	2.0625	0	0	0	0	0
162	2016-05-15 20:42:41.34	2016-05-15 20:42:51.84	5	1	0	0	0	9	0.233	0.90625	0	0	0	0	0
163	2016-05-15 20:42:57.65	2016-05-15 20:42:57.76	5	1	0	1	0	0	0	0	0	0	0	0	0
163	2016-05-15 20:42:58.25	2016-05-15 20:42:58.89	5	1	0	1	0	0	0	0	0	0	0	0	0
164	2016-05-15 20:46:07.89	2016-05-15 20:46:07.92	5	1	0	1	0	0	0	0	0	0	0	0	0
164	2016-05-15 20:46:08.96	2016-05-15 20:46:09.15	5	1	0	1	0	0	0	0	0	0	0	0	0
165	2016-05-15 20:54:54.68	2016-05-15 20:55:02.64	5	1	0	0	0	7	0.37	0.859375	0	0	0	0	0
166	2016-05-15 20:55:07.01	2016-05-15 20:55:07.39	5	1	0	1	0	0	0	0	0	0	0	0	0
167	2016-05-15 20:55:13.59	2016-05-15 20:55:14.04	5	1	0	1	0	0	0	0	0	0	0	0	0
168	2016-05-15 20:55:21.79	2016-05-15 20:55:35.06	5	1	0	0	0	15	0.583	1.65625	0	0	0	0	0
169	2016-05-15 20:55:44.89	2016-05-15 20:55:45.34	5	1	0	1	0	0	0	0	0	0	0	0	0
170	2016-05-15 20:56:24.46	2016-05-15 20:56:35.21	5	1	0	0	0	7	0.396	0.875	0	0	0	0	0
171	2016-05-15 20:56:41.95	2016-05-15 20:56:59.23	5	1	0	0	0	8	0.259	0.84375	0	0	0	0	0
172	2016-05-15 20:57:08.01	2016-05-15 20:57:08.17	5	1	0	1	0	0	0	0	0	0	0	0	0
173	2016-05-15 20:57:21.65	2016-05-15 20:57:40.95	5	1	0	0	0	4	0.059	0.3125	0	0	0	0	0
174	2016-05-15 20:57:46.40	2016-05-15 20:58:08.92	5	1	0	0	0	5	0.102	0.453125	0	0	0	0	0
174	2016-05-15 20:58:08.98	2016-05-15 20:58:11.56	5	1	0	1	0	0	0	0	0	0	0	0	0
175	2016-05-15 20:58:18.29	2016-05-15 20:58:39.60	5	1	0	0	0	9	0.315	0.921875	0	0	0	0	0
176	2016-05-15 20:58:45.60	2016-05-15 20:59:12.57	5	1	0	0	0	8	0.19	0.765625	0	0	0	0	0
177	2016-05-15 20:59:19.60	2016-05-15 20:59:42.89	5	1	0	0	0	9	0.261	0.84375	0	0	0	0	0
178	2016-05-15 20:59:49.67	2016-05-15 21:00:08.50	5	1	0	0	0	10	0.358	1.0625	0	0	0	0	0
179	2016-05-15 21:00:24.37	2016-05-15 21:00:29.95	5	1	0	0	0	8	0.232	0.8125	0	0	0	0	0
179	2016-05-15 21:01:11.53	2016-05-15 21:01:12.29	5	1	0	1	0	0	0	0	0	0	0	0	0
179	2016-05-15 21:01:17.84	2016-05-15 21:01:17.96	6	-1	1	1	0	0	0	0	0	0	0	0	0
179	2016-05-15 21:01:19.28	2016-05-15 21:01:19.96	6	-1	1	1	0	0	0	0	0	0	0	0	0
180	2016-05-15 21:01:28.95	2016-05-15 21:01:36.04	5	1	0	0	0	11	0.319	1.0625	0	0	0	0	0
180	2016-05-15 21:01:58.20	2016-05-15 21:01:58.28	6	-1	1	0	0	0	0	0	0	0	0	0	0
181	2016-05-15 21:02:42.65	2016-05-15 21:02:52.37	5	1	0	0	0	13	0.277	1.234375	0	0	0	0	0
181	2016-05-15 21:02:57.28	2016-05-15 21:02:57.42	5	1	0	1	0	0	0	0	0	0	0	0	0
182	2016-05-15 21:03:06.07	2016-05-15 21:03:06.17	5	1	0	1	0	0	0	0	0	0	0	0	0
182	2016-05-15 21:03:07.01	2016-05-15 21:03:07.46	5	1	0	1	0	0	0	0	0	0	0	0	0
183	2016-05-15 21:11:59.51	2016-05-15 21:12:05.12	5	1	0	0	0	4	0.116	0.40625	0	0	0	0	0
184	2016-05-15 21:12:10.43	2016-05-15 21:12:18.21	5	1	0	0	0	7	0.189	0.6875	0	0	0	0	0
185	2016-05-15 21:12:24.18	2016-05-15 21:12:32.81	5	1	0	0	0	13	0.346	1.234375	0	0	0	0	0
185	2016-05-15 21:12:34.60	2016-05-15 21:12:35.17	5	1	0	1	0	0	0	0	0	0	0	0	0
186	2016-05-15 21:12:57.43	2016-05-15 21:13:06.78	5	1	0	0	0	13	0.348	1.234375	0	0	0	0	0
187	2016-05-15 21:13:17.07	2016-05-15 21:13:29.23	5	1	0	0	0	9	0.246	0.921875	0	0	0	0	0
188	2016-05-15 21:13:38.07	2016-05-15 21:13:47.54	5	1	0	0	0	11	0.319	1.171875	0	0	0	0	0
189	2016-05-15 21:29:17.09	2016-05-15 21:29:17.40	5	1	0	1	0	0	0	0	0	0	0	0	0
190	2016-05-15 21:29:26.64	2016-05-15 21:29:34.73	5	1	0	0	0	13	0.363	1.3125	0	0	0	0	0
191	2016-05-15 21:41:03.84	2016-05-15 21:41:09.06	5	1	0	0	0	17	0.447	1.578125	0	0	0	0	0
192	2016-05-15 21:41:40.40	2016-05-15 21:41:47.45	5	1	0	0	0	11	0.317	1.078125	0	0	0	0	0
193	2016-05-15 21:41:55.68	2016-05-15 21:42:02.14	5	1	0	0	0	9	0.26	0.859375	0	0	0	0	0
194	2016-05-15 21:43:27.64	2016-05-15 21:43:36.40	5	1	0	0	0	9	0.247	0.875	0	0	0	0	0
195	2016-05-15 21:43:40.59	2016-05-15 21:43:41.06	5	1	0	1	0	0	0	0	0	0	0	0	0
196	2016-05-15 21:46:37.07	2016-05-15 21:46:43.65	5	1	0	0	0	5	0.172	0.578125	0	0	0	0	0
197	2016-05-15 21:47:04.12	2016-05-15 21:47:09.87	5	1	0	0	0	7	0.188	0.671875	0	0	0	0	0
198	2016-05-15 21:47:37.28	2016-05-15 21:47:44.81	5	1	0	0	0	11	0.344	1.078125	0	0	0	0	0
198	2016-05-15 21:47:54.18	2016-05-15 21:47:54.67	5	1	0	1	0	0	0	0	0	0	0	0	0
199	2016-05-15 21:48:00.23	2016-05-15 21:48:16.73	5	1	0	0	0	6	0.16	0.625	0	0	0	0	0
200	2016-05-15 21:48:20.28	2016-05-15 21:48:44.37	5	1	0	0	0	13	0.375	1.265625	0	0	0	0	0
200	2016-05-15 21:48:47.20	2016-05-15 21:48:47.54	6	-1	1	0	0	0	0	0	0	0	0	0	0
201	2016-05-15 21:50:30.54	2016-05-15 21:50:39.15	5	1	0	0	0	15	0.6	1.5625	0	0	0	0	0
202	2016-05-15 21:50:54.65	2016-05-15 21:51:04.01	5	1	0	0	0	17	0.515	1.53125	0	0	0	0	0
203	2016-05-15 21:51:13.59	2016-05-15 21:51:23.93	5	1	0	0	0	11	0.567	1.234375	0	0	0	0	0
204	2016-05-15 21:51:36.70	2016-05-15 21:51:47.51	5	1	0	0	0	14	0.665	1.46875	0	0	0	0	0
205	2016-05-15 21:51:52.76	2016-05-15 21:52:00.93	5	1	0	0	0	17	0.559	1.71875	0	0	0	0	0
206	2016-05-15 21:52:06.35	2016-05-15 21:52:06.82	5	1	0	1	0	0	0	0	0	0	0	0	0
207	2016-05-15 21:52:23.68	2016-05-15 21:52:31.20	5	1	0	0	0	16	0.487	1.5625	0	0	0	0	0
208	2016-05-15 21:52:41.67	2016-05-15 21:52:52.56	5	1	0	0	0	18	0.447	1.640625	0	0	0	0	0
209	2016-05-15 21:53:01.48	2016-05-15 21:53:14.62	5	1	0	0	0	20	0.6	1.875	0	0	0	0	0
209	2016-05-15 21:53:14.75	2016-05-15 21:53:14.78	5	1	0	1	0	0	0	0	0	0	0	0	0
210	2016-05-15 21:53:26.96	2016-05-15 21:53:38.10	5	1	0	0	0	8	0.161	0.75	0	0	0	0	0
211	2016-05-15 21:54:19.20	2016-05-15 21:54:35.56	5	1	0	0	0	19	0.437	1.6875	0	0	0	0	0
213	2016-05-15 21:55:17.98	2016-05-15 21:55:33.17	5	1	0	0	0	10	0.317	1.015625	0	0	0	0	0
214	2016-05-15 21:55:40.68	2016-05-15 21:55:55.25	5	1	0	0	0	14	0.32	1.3125	0	0	0	0	0
215	2016-05-15 21:56:02.14	2016-05-15 21:56:26.40	5	1	0	0	0	13	0.43	1.28125	0	0	0	0	0
216	2016-05-15 21:56:32.50	2016-05-15 21:56:54.78	5	1	0	0	0	14	0.446	1.359375	0	0	0	0	0
216	2016-05-15 21:57:23.40	2016-05-15 21:57:23.59	5	1	0	1	0	0	0	0	0	0	0	0	0
217	2016-05-15 21:57:33.51	2016-05-15 21:57:49.98	5	1	0	0	0	14	0.388	1.421875	0	0	0	0	0
218	2016-05-15 21:57:57.67	2016-05-15 21:58:15.51	5	1	0	0	0	14	0.469	1.28125	0	0	0	0	0
219	2016-05-15 21:58:22.07	2016-05-15 21:58:41.98	5	1	0	0	0	19	0.363	1.640625	0	0	0	0	0
220	2016-05-15 21:58:46.39	2016-05-15 21:58:46.42	5	1	0	0	0	0	0	0	0	0	0	0	0
220	2016-05-15 21:58:46.57	2016-05-15 21:58:54.68	5	1	0	0	0	16	0.712	1.890625	0	0	0	0	0
221	2016-05-15 21:59:01.45	2016-05-15 21:59:07.35	5	1	0	0	0	7	0.203	0.734375	0	0	0	0	0
222	2016-05-15 21:59:54.78	2016-05-15 22:00:00.60	5	1	0	0	0	7	0.245	0.796875	0	0	0	0	0
223	2016-05-15 22:00:07.79	2016-05-15 22:00:15.23	5	1	0	0	0	8	0.204	0.796875	0	0	0	0	0
224	2016-05-15 22:00:25.09	2016-05-15 22:00:30.84	5	1	0	0	0	9	0.33	0.984375	0	0	0	0	0
225	2016-05-15 22:00:34.17	2016-05-15 22:00:42.64	5	1	0	0	0	18	0.659	1.859375	0	0	0	0	0
226	2016-05-15 22:00:51.40	2016-05-15 22:00:57.53	5	1	0	0	0	12	0.304	1.1875	0	0	0	0	0
227	2016-05-15 22:01:01.25	2016-05-15 22:01:12.29	5	1	0	0	0	22	0.713	2.140625	0	0	0	0	0
228	2016-05-15 22:01:18.40	2016-05-15 22:01:23.26	5	1	0	0	0	5	0.173	0.546875	0	0	0	0	0
229	2016-05-15 22:01:28.85	2016-05-15 22:01:39.00	5	1	0	0	0	16	0.754	1.71875	0	0	0	0	0
230	2016-05-15 22:01:52.59	2016-05-15 22:01:52.67	5	1	0	1	0	0	0	0	0	0	0	0	0
230	2016-05-15 22:01:56.73	2016-05-15 22:01:56.82	5	1	0	1	0	0	0	0	0	0	0	0	0
231	2016-05-15 22:02:04.25	2016-05-15 22:02:12.82	5	1	0	0	0	16	0.377	1.421875	0	0	0	0	0
232	2016-05-15 22:02:28.82	2016-05-15 22:02:38.40	5	1	0	0	0	16	0.431	1.546875	0	0	0	0	0
233	2016-05-15 22:03:20.76	2016-05-15 22:03:28.92	5	1	0	0	0	17	0.558	1.65625	0	0	0	0	0
234	2016-05-15 22:03:41.35	2016-05-15 22:03:41.40	5	1	0	1	0	0	0	0	0	0	0	0	0
234	2016-05-15 22:04:15.64	2016-05-15 22:04:15.82	5	1	0	1	0	0	0	0	0	0	0	0	0
234	2016-05-15 22:04:21.34	2016-05-15 22:04:21.43	5	1	0	1	0	0	0	0	0	0	0	0	0
235	2016-05-15 22:04:58.76	2016-05-15 22:04:59.40	6	-1	1	0	0	0	0	0	0	0	0	0	0
235	2016-05-15 22:04:59.50	2016-05-15 22:05:00.04	6	-1	1	0	0	0	0	0	0	0	0	0	0
235	2016-05-15 22:05:00.42	2016-05-15 22:05:01.20	6	-1	1	0	0	0	0	0	0	0	0	0	0
235	2016-05-15 22:05:02.95	2016-05-15 22:05:03.43	5	1	0	1	0	0	0	0	0	0	0	0	0
235	2016-05-15 22:05:07.90	2016-05-15 22:05:08.67	5	1	0	1	0	0	0	0	0	0	0	0	0
235	2016-05-15 22:05:17.18	2016-05-15 22:05:17.31	6	-1	1	1	0	0	0	0	0	0	0	0	0
235	2016-05-15 22:05:17.31	2016-05-15 22:05:17.32	6	-1	1	1	0	0	0	0	0	0	0	0	0
235	2016-05-15 22:05:17.71	2016-05-15 22:05:17.85	6	-1	1	1	0	0	0	0	0	0	0	0	0
235	2016-05-15 22:05:21.79	2016-05-15 22:05:22.12	5	1	0	1	0	0	0	0	0	0	0	0	0
236	2016-05-15 22:05:55.04	2016-05-15 22:06:08.28	5	1	0	0	0	10	0.466	1.09375	0	0	0	0	0
237	2016-05-15 22:06:13.68	2016-05-15 22:06:33.29	5	1	0	0	0	13	0.361	1.296875	0	0	0	0	0
238	2016-05-15 22:06:39.82	2016-05-15 22:06:56.68	5	1	0	0	0	11	0.29	1.03125	0	0	0	0	0
239	2016-05-15 22:07:05.75	2016-05-15 22:07:14.92	5	1	0	0	0	11	0.346	1.171875	0	0	0	0	0
240	2016-05-15 22:07:19.56	2016-05-15 22:07:40.68	5	1	0	0	0	3	0.142	0.328125	0	0	0	0	0
241	2016-05-15 22:07:46.25	2016-05-15 22:08:09.29	5	1	0	0	0	11	0.22	1.03125	0	0	0	0	0
241	2016-05-15 22:08:09.32	2016-05-15 22:08:10.35	5	1	0	1	0	0	0	0	0	0	0	0	0
241	2016-05-15 22:08:10.42	2016-05-15 22:08:10.93	5	1	0	1	0	0	0	0	0	0	0	0	0
241	2016-05-15 22:08:11.01	2016-05-15 22:08:11.03	5	1	0	1	0	0	0	0	0	0	0	0	0
241	2016-05-15 22:08:11.18	2016-05-15 22:08:11.34	5	1	0	1	0	0	0	0	0	0	0	0	0
241	2016-05-15 22:08:11.56	2016-05-15 22:08:11.62	5	1	0	1	0	0	0	0	0	0	0	0	0
241	2016-05-15 22:08:12.03	2016-05-15 22:08:12.32	5	1	0	1	0	0	0	0	0	0	0	0	0
241	2016-05-15 22:08:12.39	2016-05-15 22:08:12.45	5	1	0	1	0	0	0	0	0	0	0	0	0
241	2016-05-15 22:08:12.51	2016-05-15 22:08:12.57	5	1	0	1	0	0	0	0	0	0	0	0	0
241	2016-05-15 22:08:12.79	2016-05-15 22:08:13.15	5	1	0	1	0	0	0	0	0	0	0	0	0
241	2016-05-15 22:08:13.20	2016-05-15 22:08:13.26	5	1	0	1	0	0	0	0	0	0	0	0	0
241	2016-05-15 22:08:13.68	2016-05-15 22:08:14.26	5	1	0	1	0	0	0	0	0	0	0	0	0
241	2016-05-15 22:08:14.32	2016-05-15 22:08:14.40	5	1	0	1	0	0	0	0	0	0	0	0	0
241	2016-05-15 22:08:14.45	2016-05-15 22:08:14.54	5	1	0	1	0	0	0	0	0	0	0	0	0
241	2016-05-15 22:08:14.59	2016-05-15 22:08:14.67	5	1	0	1	0	0	0	0	0	0	0	0	0
241	2016-05-15 22:08:14.75	2016-05-15 22:08:14.81	5	1	0	1	0	0	0	0	0	0	0	0	0
241	2016-05-15 22:08:14.90	2016-05-15 22:08:15.50	5	1	0	1	0	0	0	0	0	0	0	0	0
241	2016-05-15 22:08:15.62	2016-05-15 22:08:16.03	5	1	0	1	0	0	0	0	0	0	0	0	0
241	2016-05-15 22:08:16.09	2016-05-15 22:08:16.17	5	1	0	1	0	0	0	0	0	0	0	0	0
241	2016-05-15 22:08:16.45	2016-05-15 22:08:16.62	5	1	0	1	0	0	0	0	0	0	0	0	0
241	2016-05-15 22:08:16.71	2016-05-15 22:08:16.78	5	1	0	1	0	0	0	0	0	0	0	0	0
241	2016-05-15 22:08:16.84	2016-05-15 22:08:17.07	5	1	0	1	0	0	0	0	0	0	0	0	0
242	2016-05-15 22:08:29.89	2016-05-15 22:08:38.64	5	1	0	0	0	16	0.604	1.8125	0	0	0	0	0
243	2016-05-15 22:08:52.10	2016-05-15 22:09:09.73	5	1	0	0	0	10	0.328	0.921875	0	0	0	0	0
244	2016-05-15 22:09:13.28	2016-05-15 22:09:23.85	5	1	0	0	0	18	0.53	1.65625	0	0	0	0	0
245	2016-05-15 22:09:29.98	2016-05-15 22:09:35.32	5	1	0	0	0	11	0.232	0.84375	0	0	0	0	0
245	2016-05-15 22:09:35.35	2016-05-15 22:09:35.85	5	1	0	1	0	0	0	0	0	0	0	0	0
246	2016-05-15 22:09:41.29	2016-05-15 22:09:49.92	5	1	0	0	0	23	1.125	2.484375	0	0	0	0	0
247	2016-05-15 22:09:55.64	2016-05-15 22:10:01.25	5	1	0	0	0	11	0.247	1.03125	0	0	0	0	0
248	2016-05-15 22:10:04.98	2016-05-15 22:10:10.31	5	1	0	0	0	22	0.573	1.96875	0	0	0	0	0
249	2016-05-15 22:10:17.37	2016-05-15 22:10:22.96	5	1	0	0	0	20	0.897	2.171875	0	0	0	0	0
250	2016-05-15 22:10:28.81	2016-05-15 22:10:36.42	5	1	0	0	0	18	0.806	1.953125	0	0	0	0	0
251	2016-05-15 22:10:42.85	2016-05-15 22:10:55.70	5	1	0	0	0	11	0.33	1.0625	0	0	0	0	0
253	2016-05-15 22:11:19.62	2016-05-15 22:11:31.25	5	1	0	0	0	15	0.486	1.4375	0	0	0	0	0
254	2016-05-15 22:11:38.64	2016-05-15 22:11:55.40	5	1	0	0	0	8	0.175	0.78125	0	0	0	0	0
255	2016-05-15 22:12:01.85	2016-05-15 22:12:18.00	5	1	0	0	0	15	0.348	1.375	0	0	0	0	0
256	2016-05-15 22:12:26.45	2016-05-15 22:12:38.01	5	1	0	0	0	13	0.594	1.453125	0	0	0	0	0
257	2016-05-15 22:12:52.17	2016-05-15 22:13:02.57	5	1	0	0	0	11	0.469	1.203125	0	0	0	0	0
258	2016-05-15 22:13:08.81	2016-05-15 22:13:17.92	5	1	0	0	0	16	0.516	1.640625	0	0	0	0	0
259	2016-05-15 22:13:22.31	2016-05-15 22:13:31.10	5	1	0	0	0	23	0.768	2.28125	0	0	0	0	0
260	2016-05-15 22:13:34.35	2016-05-15 22:13:38.40	5	1	0	0	0	12	0.374	1.15625	0	0	0	0	0
261	2016-05-15 22:13:44.04	2016-05-15 22:13:55.53	5	1	0	0	0	17	0.627	1.71875	0	0	0	0	0
262	2016-05-15 22:14:00.78	2016-05-15 22:14:09.09	5	1	0	0	0	5	0.145	0.515625	0	0	0	0	0
263	2016-05-15 22:17:09.07	2016-05-15 22:17:14.40	5	1	0	0	0	11	0.634	1.25	0	0	0	0	0
264	2016-05-15 22:17:20.18	2016-05-15 22:17:36.62	5	1	0	0	0	4	0.088	0.390625	0	0	0	0	0
265	2016-05-15 22:18:08.32	2016-05-15 22:18:32.85	5	1	0	0	0	7	0.272	0.765625	0	0	0	0	0
266	2016-05-15 22:18:39.37	2016-05-15 22:18:45.34	5	1	0	0	0	6	0.16	0.59375	0	0	0	0	0
267	2016-05-15 22:18:59.82	2016-05-15 22:19:25.51	5	1	0	0	0	11	0.345	1.171875	0	0	0	0	0
267	2016-05-15 22:19:25.56	2016-05-15 22:19:25.64	5	1	0	1	0	0	0	0	0	0	0	0	0
267	2016-05-15 22:19:25.67	2016-05-15 22:19:25.75	5	1	0	1	0	0	0	0	0	0	0	0	0
268	2016-05-15 22:19:34.70	2016-05-15 22:19:55.98	5	1	0	0	0	8	0.218	0.796875	0	0	0	0	0
269	2016-05-15 22:20:01.56	2016-05-15 22:20:14.53	5	1	0	0	0	8	0.286	0.78125	0	0	0	0	0
270	2016-05-15 22:20:23.42	2016-05-15 22:20:38.20	5	1	0	0	0	15	0.511	1.46875	0	0	0	0	0
271	2016-05-15 22:20:43.96	2016-05-15 22:21:04.75	5	1	0	0	0	11	0.356	1.109375	0	0	0	0	0
272	2016-05-15 22:21:12.32	2016-05-15 22:21:32.31	5	1	0	0	0	7	0.245	0.734375	0	0	0	0	0
273	2016-05-15 22:21:39.53	2016-05-15 22:21:59.15	5	1	0	0	0	17	0.544	1.671875	0	0	0	0	0
274	2016-05-15 22:22:06.32	2016-05-15 22:22:26.81	5	1	0	0	0	12	0.318	1.203125	0	0	0	0	0
275	2016-05-15 22:22:35.50	2016-05-15 22:22:51.68	5	1	0	0	0	6	0.201	0.65625	0	0	0	0	0
276	2016-05-15 22:22:59.62	2016-05-15 22:23:13.37	5	1	0	0	0	11	0.468	1.125	0	0	0	0	0
277	2016-05-15 22:23:19.57	2016-05-15 22:23:33.23	5	1	0	0	0	9	0.312	0.953125	0	0	0	0	0
278	2016-05-15 22:23:40.28	2016-05-15 22:23:54.54	5	1	0	0	0	16	0.334	1.5	0	0	0	0	0
279	2016-05-15 22:24:02.96	2016-05-15 22:24:16.26	5	1	0	0	0	11	0.415	1.171875	0	0	0	0	0
280	2016-05-15 22:24:22.39	2016-05-15 22:24:38.06	5	1	0	0	0	9	0.342	0.984375	0	0	0	0	0
281	2016-05-15 22:27:29.48	2016-05-15 22:27:36.90	5	1	0	0	0	11	0.36	1.15625	0	0	0	0	0
282	2016-05-15 22:27:43.59	2016-05-15 22:27:54.82	5	1	0	0	0	9	0.217	0.78125	0	0	0	0	0
283	2016-05-15 22:28:00.46	2016-05-15 22:28:14.93	5	1	0	0	0	6	0.188	0.625	0	0	0	0	0
284	2016-05-15 22:28:38.01	2016-05-15 22:28:38.46	5	1	0	1	0	0	0	0	0	0	0	0	0
286	2016-05-15 22:42:54.50	2016-05-15 22:43:01.60	5	1	0	0	0	17	0.673	1.9375	0	0	0	0	0
287	2016-05-15 22:43:30.64	2016-05-15 22:43:38.71	5	1	0	0	0	11	0.344	1.078125	0	0	0	0	0
288	2016-05-15 22:44:00.57	2016-05-15 22:44:11.39	5	1	0	0	0	13	0.389	1.296875	0	0	0	0	0
289	2016-05-15 22:44:20.59	2016-05-15 22:44:29.06	5	1	0	0	0	7	0.119	0.5625	0	0	0	0	0
291	2016-05-15 22:44:39.15	2016-05-15 22:44:52.50	5	1	0	0	0	11	0.262	1.0625	0	0	0	0	0
292	2016-05-15 22:44:59.04	2016-05-15 22:45:02.79	5	1	0	0	0	8	0.3	0.84375	0	0	0	0	0
292	2016-05-15 22:45:02.84	2016-05-15 22:45:02.93	5	1	0	1	0	0	0	0	0	0	0	0	0
292	2016-05-15 22:45:02.96	2016-05-15 22:45:03.18	5	1	0	1	0	0	0	0	0	0	0	0	0
293	2016-05-15 22:45:08.79	2016-05-15 22:45:09.26	5	1	0	1	0	0	0	0	0	0	0	0	0
294	2016-05-15 22:45:16.48	2016-05-15 22:45:26.45	5	1	0	0	0	14	0.417	1.453125	0	0	0	0	0
295	2016-05-15 22:45:34.15	2016-05-15 22:45:45.42	5	1	0	0	0	10	0.22	0.96875	0	0	0	0	0
296	2016-05-15 22:45:58.92	2016-05-15 22:45:59.01	6	-1	1	0	0	0	0	0	0	0	0	0	0
296	2016-05-15 22:46:01.09	2016-05-15 22:46:12.18	5	1	0	0	0	10	0.205	0.859375	0	0	0	0	0
297	2016-05-15 22:46:20.73	2016-05-15 22:46:32.84	5	1	0	0	0	16	0.71	1.734375	0	0	0	0	0
298	2016-05-15 22:46:36.40	2016-05-15 22:46:36.45	5	1	0	1	0	0	0	0	0	0	0	0	0
299	2016-05-15 22:48:08.65	2016-05-15 22:48:13.84	5	1	0	0	0	3	0.101	0.3125	0	0	0	0	0
300	2016-05-15 22:48:22.85	2016-05-15 22:48:32.21	5	1	0	0	0	11	0.246	1.015625	0	0	0	0	0
301	2016-05-15 22:48:36.87	2016-05-15 22:48:45.39	5	1	0	0	0	9	0.427	0.96875	0	0	0	0	0
302	2016-05-15 22:48:59.65	2016-05-15 22:49:09.60	5	1	0	0	0	15	0.654	1.65625	0	0	0	0	0
303	2016-05-15 22:49:16.03	2016-05-15 22:49:29.51	5	1	0	0	0	11	0.288	1.140625	0	0	0	0	0
304	2016-05-15 22:49:47.10	2016-05-15 22:50:10.21	5	1	0	0	0	13	0.36	1.3125	0	0	0	0	0
304	2016-05-15 22:50:10.25	2016-05-15 22:50:10.37	5	1	0	1	0	0	0	0	0	0	0	0	0
304	2016-05-15 22:50:10.40	2016-05-15 22:50:15.23	5	1	0	1	0	0	0	0	0	0	0	0	0
304	2016-05-15 22:50:15.57	2016-05-15 22:50:15.62	5	1	0	1	0	0	0	0	0	0	0	0	0
304	2016-05-15 22:50:15.67	2016-05-15 22:50:15.84	5	1	0	1	0	0	0	0	0	0	0	0	0
305	2016-05-15 22:50:20.03	2016-05-15 22:50:35.14	5	1	0	0	0	12	0.334	1.171875	0	0	0	0	0
306	2016-05-15 22:50:38.71	2016-05-15 22:50:39.40	5	1	0	1	0	0	0	0	0	0	0	0	0
307	2016-05-15 22:50:44.39	2016-05-15 22:50:50.96	5	1	0	0	0	14	0.301	1.171875	0	0	0	0	0
308	2016-05-15 22:51:02.92	2016-05-15 22:51:13.85	5	1	0	0	0	16	0.403	1.5	0	0	0	0	0
309	2016-05-15 22:51:23.09	2016-05-15 22:51:36.70	5	1	0	0	0	11	0.304	1.125	0	0	0	0	0
310	2016-05-15 22:51:45.92	2016-05-15 22:51:59.29	5	1	0	0	0	11	0.373	1.109375	0	0	0	0	0
310	2016-05-15 22:52:09.18	2016-05-15 22:52:09.48	5	1	0	1	0	0	0	0	0	0	0	0	0
311	2016-05-15 22:52:54.70	2016-05-15 22:53:02.89	5	1	0	0	0	17	0.793	1.75	0	0	0	0	0
312	2016-05-15 22:53:25.95	2016-05-15 22:53:36.15	5	1	0	0	0	10	0.497	1.171875	0	0	0	0	0
313	2016-05-15 22:53:51.65	2016-05-15 22:54:03.65	5	1	0	0	0	17	0.471	1.453125	0	0	0	0	0
314	2016-05-15 22:54:57.34	2016-05-15 22:55:02.56	5	1	0	0	0	8	0.232	0.796875	0	0	0	0	0
315	2016-05-15 22:55:21.03	2016-05-15 22:55:32.00	5	1	0	0	0	18	0.434	1.671875	0	0	0	0	0
316	2016-05-15 22:55:49.64	2016-05-15 22:56:02.40	5	1	0	0	0	13	0.333	1.25	0	0	0	0	0
317	2016-05-15 22:56:09.35	2016-05-15 22:56:26.09	5	1	0	0	0	11	0.277	1.125	0	0	0	0	0
318	2016-05-15 22:56:52.00	2016-05-15 22:56:58.95	5	1	0	0	0	7	0.161	0.609375	0	0	0	0	0
319	2016-05-15 22:57:05.51	2016-05-15 22:57:12.92	5	1	0	0	0	13	0.319	1.15625	0	0	0	0	0
320	2016-05-15 22:57:44.84	2016-05-15 22:57:53.90	5	1	0	0	0	10	0.366	1.125	0	0	0	0	0
321	2016-05-15 22:58:06.06	2016-05-15 22:58:15.29	5	1	0	0	0	12	0.205	0.96875	0	0	0	0	0
322	2016-05-15 22:58:24.12	2016-05-15 22:58:30.37	5	1	0	0	0	13	0.416	1.328125	0	0	0	0	0
323	2016-05-15 22:58:36.20	2016-05-15 22:58:45.85	5	1	0	0	0	17	0.351	1.53125	0	0	0	0	0
324	2016-05-15 22:58:50.93	2016-05-15 22:58:54.89	5	1	0	0	0	10	0.41	1.078125	0	0	0	0	0
325	2016-05-15 22:58:59.96	2016-05-15 22:59:06.90	5	1	0	0	0	16	0.572	1.609375	0	0	0	0	0
326	2016-05-15 22:59:12.84	2016-05-15 22:59:17.07	5	1	0	0	0	16	0.488	1.453125	0	0	0	0	0
327	2016-05-15 22:59:21.18	2016-05-15 22:59:27.93	5	1	0	0	0	7	0.133	0.6875	0	0	0	0	0
328	2016-05-15 22:59:33.73	2016-05-15 22:59:33.89	5	1	0	1	0	0	0	0	0	0	0	0	0
328	2016-05-15 22:59:57.15	2016-05-15 22:59:57.39	6	-1	1	1	0	0	0	0	0	0	0	0	0
329	2016-05-15 23:00:11.43	2016-05-15 23:00:18.53	5	1	0	0	0	12	0.346	1.140625	0	0	0	0	0
330	2016-05-15 23:00:24.20	2016-05-15 23:00:35.85	5	1	0	0	0	17	0.489	1.625	0	0	0	0	0
331	2016-05-15 23:00:42.79	2016-05-15 23:00:56.43	5	1	0	0	0	11	0.332	1.125	0	0	0	0	0
332	2016-05-15 23:01:03.18	2016-05-15 23:01:21.75	5	1	0	0	0	6	0.16	0.578125	0	0	0	0	0
333	2016-05-15 23:01:28.53	2016-05-15 23:01:45.09	5	1	0	0	0	12	0.247	1.015625	0	0	0	0	0
334	2016-05-15 23:01:53.40	2016-05-15 23:02:06.35	5	1	0	0	0	9	0.301	0.953125	0	0	0	0	0
335	2016-05-15 23:02:14.37	2016-05-15 23:02:21.92	5	1	0	0	0	15	0.333	1.3125	0	0	0	0	0
336	2016-05-15 23:02:34.37	2016-05-15 23:02:46.21	5	1	0	0	0	16	0.391	1.53125	0	0	0	0	0
337	2016-05-15 23:02:55.26	2016-05-15 23:03:08.60	5	1	0	0	0	11	0.318	1.0625	0	0	0	0	0
338	2016-05-15 23:03:16.21	2016-05-15 23:03:27.84	5	1	0	0	0	16	0.405	1.515625	0	0	0	0	0
339	2016-05-15 23:03:49.20	2016-05-15 23:03:57.29	5	1	0	0	0	13	0.628	1.515625	0	0	0	0	0
340	2016-05-15 23:04:15.54	2016-05-15 23:04:24.96	5	1	0	0	0	12	0.328	1.046875	0	0	0	0	0
341	2016-05-15 23:10:06.43	2016-05-15 23:10:23.62	5	1	0	0	0	8	0.496	0.984375	0	0	0	0	0
342	2016-05-15 23:10:30.90	2016-05-15 23:10:34.75	5	1	0	0	0	5	0.173	0.5	0	0	0	0	0
343	2016-05-15 23:10:39.67	2016-05-15 23:10:40.06	5	1	0	1	0	0	0	0	0	0	0	0	0
344	2016-05-15 23:10:49.35	2016-05-15 23:10:54.39	5	1	0	0	0	7	0.329	0.828125	0	0	0	0	0
345	2016-05-15 23:10:59.62	2016-05-15 23:10:59.81	5	1	0	1	0	0	0	0	0	0	0	0	0
346	2016-05-15 23:13:38.35	2016-05-15 23:13:44.28	5	1	0	0	0	8	0.147	0.703125	0	0	0	0	0
348	2016-05-15 23:13:59.00	2016-05-15 23:14:06.23	5	1	0	0	0	6	0.132	0.578125	0	0	0	0	0
350	2016-05-15 23:17:07.06	2016-05-15 23:17:14.14	5	1	0	0	0	9	0.317	1.015625	0	0	0	0	0
351	2016-05-15 23:17:34.93	2016-05-15 23:17:45.71	5	1	0	0	0	9	0.232	0.890625	0	0	0	0	0
352	2016-05-15 23:17:51.00	2016-05-15 23:18:01.89	5	1	0	0	0	4	0.186	0.484375	0	0	0	0	0
353	2016-05-15 23:18:08.01	2016-05-15 23:18:17.39	5	1	0	0	0	16	0.767	1.78125	0	0	0	0	0
354	2016-05-15 23:18:30.73	2016-05-15 23:18:39.18	5	1	0	0	0	6	0.216	0.671875	0	0	0	0	0
355	2016-05-15 23:18:45.93	2016-05-15 23:18:51.20	5	1	0	0	0	13	0.303	1.25	0	0	0	0	0
356	2016-05-15 23:18:57.21	2016-05-15 23:19:11.73	5	1	0	0	0	14	0.347	1.21875	0	0	0	0	0
357	2016-05-15 23:19:27.96	2016-05-15 23:19:34.29	5	1	0	0	0	10	0.345	1.046875	0	0	0	0	0
358	2016-05-15 23:19:39.67	2016-05-15 23:19:50.76	5	1	0	0	0	13	0.347	1.203125	0	0	0	0	0
359	2016-05-15 23:19:55.32	2016-05-15 23:20:02.48	5	1	0	0	0	13	0.541	1.4375	0	0	0	0	0
360	2016-05-15 23:20:08.43	2016-05-15 23:20:19.59	5	1	0	0	0	9	0.246	0.84375	0	0	0	0	0
361	2016-05-15 23:20:35.34	2016-05-15 23:20:46.75	5	1	0	0	0	11	0.178	0.953125	0	0	0	0	0
362	2016-05-15 23:20:57.09	2016-05-15 23:21:10.95	5	1	0	0	0	14	0.404	1.34375	0	0	0	0	0
363	2016-05-15 23:21:18.23	2016-05-15 23:21:31.12	5	1	0	0	0	10	0.276	1.015625	0	0	0	0	0
364	2016-05-15 23:21:43.54	2016-05-15 23:21:55.07	5	1	0	0	0	14	0.381	1.390625	0	0	0	0	0
365	2016-05-15 23:22:15.87	2016-05-15 23:22:31.89	5	1	0	0	0	9	0.289	0.96875	0	0	0	0	0
366	2016-05-15 23:22:48.67	2016-05-15 23:23:03.29	5	1	0	0	0	8	0.148	0.703125	0	0	0	0	0
367	2016-05-15 23:24:52.35	2016-05-15 23:25:04.48	5	1	0	0	0	17	0.473	1.4375	0	0	0	0	0
368	2016-05-15 23:25:17.20	2016-05-15 23:25:25.48	5	1	0	0	0	6	0.174	0.609375	0	0	0	0	0
369	2016-05-15 23:25:30.20	2016-05-15 23:25:30.64	5	1	0	1	0	0	0	0	0	0	0	0	0
370	2016-05-15 23:26:08.01	2016-05-15 23:26:13.54	5	1	0	0	0	12	0.373	1.171875	0	0	0	0	0
371	2016-05-15 23:26:19.81	2016-05-15 23:26:28.82	5	1	0	0	0	10	0.372	0.9375	0	0	0	0	0
372	2016-05-15 23:26:38.84	2016-05-15 23:26:46.54	5	1	0	0	0	6	0.216	0.6875	0	0	0	0	0
373	2016-05-15 23:26:55.37	2016-05-15 23:27:03.31	5	1	0	0	0	11	0.485	1.203125	0	0	0	0	0
374	2016-05-15 23:27:48.25	2016-05-15 23:27:57.01	5	1	0	0	0	10	0.261	0.96875	0	0	0	0	0
375	2016-05-15 23:29:51.04	2016-05-15 23:29:59.98	5	1	0	0	0	19	0.557	1.6875	0	0	0	0	0
376	2016-05-15 23:31:05.23	2016-05-15 23:31:12.51	5	1	0	0	0	9	0.19	0.828125	0	0	0	0	0
376	2016-05-15 23:31:26.42	2016-05-15 23:31:26.59	6	-1	1	0	0	0	0	0	0	0	0	0	0
376	2016-05-15 23:31:27.12	2016-05-15 23:31:27.79	6	-1	1	0	0	0	0	0	0	0	0	0	0
377	2016-05-15 23:31:36.14	2016-05-15 23:31:42.98	5	1	0	0	0	18	0.477	1.703125	0	0	0	0	0
378	2016-05-15 23:31:54.79	2016-05-15 23:32:05.18	5	1	0	0	0	12	0.344	1.203125	0	0	0	0	0
380	2016-05-15 23:35:33.25	2016-05-15 23:35:42.87	5	1	0	0	0	10	0.276	1.046875	0	0	0	0	0
381	2016-05-15 23:35:55.37	2016-05-15 23:36:06.59	5	1	0	0	0	11	0.456	1.15625	0	0	0	0	0
382	2016-05-15 23:36:28.31	2016-05-15 23:36:40.59	5	1	0	0	0	8	0.258	0.84375	0	0	0	0	0
383	2016-05-15 23:36:44.76	2016-05-15 23:37:01.87	5	1	0	0	0	7	0.244	0.75	0	0	0	0	0
384	2016-05-15 23:37:06.42	2016-05-15 23:37:23.37	5	1	0	0	0	5	0.13	0.515625	0	0	0	0	0
384	2016-05-15 23:37:23.37	2016-05-15 23:37:24.28	5	1	0	1	0	0	0	0	0	0	0	0	0
385	2016-05-15 23:37:30.01	2016-05-15 23:37:42.92	5	1	0	0	0	11	0.361	1.15625	0	0	0	0	0
386	2016-05-15 23:37:49.06	2016-05-15 23:37:54.29	5	1	0	0	0	19	0.589	1.734375	0	0	0	0	0
387	2016-05-15 23:38:00.39	2016-05-15 23:38:06.09	5	1	0	0	0	8	0.244	0.75	0	0	0	0	0
388	2016-05-15 23:38:25.87	2016-05-15 23:38:33.35	5	1	0	0	0	9	0.219	0.875	0	0	0	0	0
389	2016-05-15 23:42:52.31	2016-05-15 23:42:58.00	5	1	0	0	0	12	0.277	1	0	0	0	0	0
390	2016-05-15 23:43:07.96	2016-05-15 23:43:16.65	5	1	0	0	0	17	0.365	1.59375	0	0	0	0	0
391	2016-05-15 23:43:24.29	2016-05-15 23:43:41.87	5	1	0	0	0	17	0.405	1.578125	0	0	0	0	0
394	2016-05-15 23:44:14.84	2016-05-15 23:44:15.01	6	-1	1	0	0	0	0	0	0	0	0	0	0
396	2016-05-15 23:44:25.10	2016-05-15 23:44:33.64	5	1	0	0	0	20	0.64	1.78125	0	0	0	0	0
398	2016-05-15 23:45:26.34	2016-05-15 23:45:34.42	5	1	0	0	0	14	0.348	1.359375	0	0	0	0	0
398	2016-05-15 23:45:44.20	2016-05-15 23:45:44.59	5	1	0	1	0	0	0	0	0	0	0	0	0
398	2016-05-15 23:45:45.42	2016-05-15 23:45:45.98	6	-1	1	1	0	0	0	0	0	0	0	0	0
398	2016-05-15 23:45:47.03	2016-05-15 23:45:48.00	6	-1	1	1	0	0	0	0	0	0	0	0	0
399	2016-05-15 23:46:08.54	2016-05-15 23:46:15.18	5	1	0	0	0	10	0.206	0.9375	0	0	0	0	0
400	2016-05-15 23:46:54.64	2016-05-15 23:47:01.18	5	1	0	0	0	11	0.318	1.140625	0	0	0	0	0
401	2016-05-15 23:47:08.42	2016-05-15 23:47:14.79	5	1	0	0	0	4	0.158	0.46875	0	0	0	0	0
402	2016-05-15 23:47:48.75	2016-05-15 23:47:48.92	5	1	0	1	0	0	0	0	0	0	0	0	0
403	2016-05-15 23:47:56.37	2016-05-15 23:48:05.56	5	1	0	0	0	18	0.614	1.734375	0	0	0	0	0
404	2016-05-15 23:48:47.14	2016-05-15 23:48:52.76	5	1	0	0	0	12	0.33	1.234375	0	0	0	0	0
405	2016-05-15 23:49:27.87	2016-05-15 23:49:44.09	5	1	0	0	0	14	0.473	1.46875	0	0	0	0	0
406	2016-05-15 23:49:49.42	2016-05-15 23:49:57.45	5	1	0	0	0	14	0.264	1.265625	0	0	0	0	0
407	2016-05-15 23:50:12.53	2016-05-15 23:50:23.29	5	1	0	0	0	10	0.26	0.90625	0	0	0	0	0
408	2016-05-15 23:50:35.65	2016-05-15 23:50:51.07	5	1	0	0	0	7	0.161	0.6875	0	0	0	0	0
409	2016-05-15 23:50:56.89	2016-05-15 23:51:13.04	5	1	0	0	0	14	0.306	1.21875	0	0	0	0	0
410	2016-05-15 23:51:20.95	2016-05-15 23:51:31.07	5	1	0	0	0	10	0.274	0.90625	0	0	0	0	0
410	2016-05-15 23:51:31.09	2016-05-15 23:51:31.18	5	1	0	1	0	0	0	0	0	0	0	0	0
410	2016-05-15 23:51:31.21	2016-05-15 23:51:32.18	5	1	0	1	0	0	0	0	0	0	0	0	0
410	2016-05-15 23:51:32.23	2016-05-15 23:51:32.28	5	1	0	1	0	0	0	0	0	0	0	0	0
410	2016-05-15 23:51:32.37	2016-05-15 23:51:32.40	5	1	0	1	0	0	0	0	0	0	0	0	0
410	2016-05-15 23:51:32.50	2016-05-15 23:51:32.53	5	1	0	1	0	0	0	0	0	0	0	0	0
410	2016-05-15 23:51:32.60	2016-05-15 23:51:39.12	5	1	0	1	0	0	0	0	0	0	0	0	0
411	2016-05-15 23:51:55.03	2016-05-15 23:52:07.18	5	1	0	0	0	14	0.431	1.4375	0	0	0	0	0
412	2016-05-15 23:52:11.81	2016-05-15 23:52:20.43	5	1	0	0	0	14	0.513	1.453125	0	0	0	0	0
413	2016-05-15 23:52:28.46	2016-05-15 23:52:35.37	5	1	0	0	0	19	0.63	1.984375	0	0	0	0	0
413	2016-05-15 23:52:45.90	2016-05-15 23:52:46.62	6	-1	1	0	0	0	0	0	0	0	0	0	0
413	2016-05-15 23:53:31.42	2016-05-15 23:53:31.50	6	-1	1	0	0	0	0	0	0	0	0	0	0
413	2016-05-15 23:53:32.40	2016-05-15 23:53:32.96	6	-1	1	0	0	0	0	0	0	0	0	0	0
413	2016-05-15 23:54:51.12	2016-05-15 23:54:51.82	5	1	0	1	0	0	0	0	0	0	0	0	0
414	2016-05-15 23:55:26.28	2016-05-15 23:55:31.56	5	1	0	0	0	9	0.275	0.890625	0	0	0	0	0
415	2016-05-15 23:56:01.03	2016-05-15 23:56:07.62	5	1	0	0	0	13	0.317	1.046875	0	0	0	0	0
416	2016-05-15 23:57:47.01	2016-05-15 23:57:57.21	5	1	0	0	0	9	0.356	1.03125	0	0	0	0	0
417	2016-05-15 23:58:58.57	2016-05-15 23:59:10.79	5	1	0	0	0	16	0.488	1.609375	0	0	0	0	0
418	2016-05-15 23:59:24.75	2016-05-15 23:59:24.79	5	1	0	0	0	0	0	0	0	0	0	0	0
418	2016-05-15 23:59:26.18	2016-05-15 23:59:26.32	5	1	0	0	0	0	0	0	0	0	0	0	0
423	2016-05-16 00:01:30.59	2016-05-16 00:01:31.09	5	1	0	0	0	0	0	0	0	0	0	0	0
424	2016-05-16 00:01:50.68	2016-05-16 00:01:50.73	6	-1	1	0	0	0	0	0	0	0	0	0	0
424	2016-05-16 00:01:50.79	2016-05-16 00:01:52.18	6	-1	1	0	0	0	0	0	0	0	0	0	0
424	2016-05-16 00:02:10.25	2016-05-16 00:02:10.29	5	1	0	0	0	0	0	0	0	0	0	0	0
424	2016-05-16 00:02:10.40	2016-05-16 00:02:11.20	5	1	0	0	0	0	0	0	0	0	0	0	0
425	2016-05-16 00:02:21.18	2016-05-16 00:02:21.87	5	1	0	0	0	0	0	0	0	0	0	0	0
426	2016-05-16 00:02:39.90	2016-05-16 00:02:40.50	6	-1	1	0	0	0	0	0	0	0	0	0	0
426	2016-05-16 00:02:47.67	2016-05-16 00:02:47.93	6	-1	1	0	0	0	0	0	0	0	0	0	0
426	2016-05-16 00:02:48.04	2016-05-16 00:02:48.78	6	-1	1	0	0	0	0	0	0	0	0	0	0
426	2016-05-16 00:03:05.54	2016-05-16 00:03:05.57	5	1	0	0	0	0	0	0	0	0	0	0	0
426	2016-05-16 00:03:25.67	2016-05-16 00:03:26.59	5	1	0	0	0	0	0	0	0	0	0	0	0
426	2016-05-16 00:03:26.81	2016-05-16 00:03:27.29	5	1	0	0	0	0	0	0	0	0	0	0	0
426	2016-05-16 00:03:52.82	2016-05-16 00:03:52.85	5	1	0	0	0	0	0	0	0	0	0	0	0
426	2016-05-16 00:03:57.18	2016-05-16 00:03:57.20	5	1	0	0	0	0	0	0	0	0	0	0	0
427	2016-05-16 00:03:59.81	2016-05-16 00:03:59.90	5	1	0	0	0	0	0	0	0	0	0	0	0
427	2016-05-16 00:04:00.01	2016-05-16 00:04:00.37	6	-1	1	0	0	0	0	0	0	0	0	0	0
427	2016-05-16 00:03:59.92	2016-05-16 00:04:00.45	5	1	0	0	0	0	0	0	0	0	0	0	0
427	2016-05-16 00:04:00.43	2016-05-16 00:04:00.98	6	-1	1	0	0	0	0	0	0	0	0	0	0
428	2016-05-16 00:04:01.31	2016-05-16 00:04:01.34	6	-1	1	0	0	0	0	0	0	0	0	0	0
430	2016-05-16 00:04:02.85	2016-05-16 00:04:03.07	5	1	0	0	0	0	0	0	0	0	0	0	0
430	2016-05-16 00:04:04.92	2016-05-16 00:04:05.06	5	1	0	0	0	0	0	0	0	0	0	0	0
430	2016-05-16 00:04:05.21	2016-05-16 00:04:05.28	5	1	0	0	0	0	0	0	0	0	0	0	0
430	2016-05-16 00:04:05.31	2016-05-16 00:04:05.35	5	1	0	0	0	0	0	0	0	0	0	0	0
432	2016-05-16 00:05:06.79	2016-05-16 00:05:07.48	5	1	0	0	0	0	0	0	0	0	0	0	0
434	2016-05-16 00:06:23.90	2016-05-16 00:06:24.43	6	-1	1	0	0	0	0	0	0	0	0	0	0
434	2016-05-16 00:06:26.96	2016-05-16 00:06:27.37	6	-1	1	0	0	0	0	0	0	0	0	0	0
434	2016-05-16 00:06:35.71	2016-05-16 00:06:36.10	6	-1	1	0	0	0	0	0	0	0	0	0	0
434	2016-05-16 00:06:37.14	2016-05-16 00:06:37.17	6	-1	1	0	0	0	0	0	0	0	0	0	0
434	2016-05-16 00:06:42.51	2016-05-16 00:06:43.25	6	-1	1	0	0	0	0	0	0	0	0	0	0
435	2016-05-16 00:06:57.21	2016-05-16 00:06:58.01	5	1	0	0	0	0	0	0	0	0	0	0	0
435	2016-05-16 00:07:02.21	2016-05-16 00:07:02.62	6	-1	1	0	0	0	0	0	0	0	0	0	0
436	2016-05-16 00:07:25.23	2016-05-16 00:07:25.60	5	1	0	0	0	0	0	0	0	0	0	0	0
437	2016-05-16 00:07:51.67	2016-05-16 00:07:52.31	5	1	0	0	0	0	0	0	0	0	0	0	0
438	2016-05-16 00:09:34.40	2016-05-16 00:09:34.93	6	-1	1	0	0	0	0	0	0	0	0	0	0
438	2016-05-16 00:09:36.39	2016-05-16 00:09:36.81	6	-1	1	0	0	0	0	0	0	0	0	0	0
438	2016-05-16 00:09:38.65	2016-05-16 00:09:39.18	5	1	0	0	0	0	0	0	0	0	0	0	0
438	2016-05-16 00:09:45.87	2016-05-16 00:09:46.21	5	1	0	0	0	0	0	0	0	0	0	0	0
438	2016-05-16 00:09:50.78	2016-05-16 00:09:51.04	6	-1	1	0	0	0	0	0	0	0	0	0	0
438	2016-05-16 00:09:51.18	2016-05-16 00:09:51.57	5	1	0	0	0	0	0	0	0	0	0	0	0
438	2016-05-16 00:09:51.70	2016-05-16 00:09:51.81	5	1	0	0	0	0	0	0	0	0	0	0	0
438	2016-05-16 00:09:52.04	2016-05-16 00:09:52.68	5	1	0	0	0	0	0	0	0	0	0	0	0
438	2016-05-16 00:09:52.71	2016-05-16 00:09:57.04	5	1	0	0	0	0	0	0	0	0	0	0	0
438	2016-05-16 00:10:13.53	2016-05-16 00:10:13.54	5	1	0	0	0	0	0	0	0	0	0	0	0
440	2016-05-16 00:10:37.60	2016-05-16 00:10:37.68	6	-1	1	0	0	0	0	0	0	0	0	0	0
440	2016-05-16 00:10:45.60	2016-05-16 00:10:46.29	6	-1	1	0	0	0	0	0	0	0	0	0	0
440	2016-05-16 00:11:06.54	2016-05-16 00:11:07.23	6	-1	1	0	0	0	0	0	0	0	0	0	0
440	2016-05-16 00:11:08.45	2016-05-16 00:11:08.53	6	-1	1	0	0	0	0	0	0	0	0	0	0
442	2016-05-16 00:11:33.17	2016-05-16 00:11:33.37	5	1	0	0	0	0	0	0	0	0	0	0	0
442	2016-05-16 00:11:33.42	2016-05-16 00:11:33.53	5	1	0	0	0	0	0	0	0	0	0	0	0
442	2016-05-16 00:11:38.92	2016-05-16 00:11:40.21	5	1	0	0	0	0	0	0	0	0	0	0	0
442	2016-05-16 00:11:43.21	2016-05-16 00:11:44.18	5	1	0	0	0	0	0	0	0	0	0	0	0
444	2016-05-16 00:13:03.57	2016-05-16 00:13:03.60	5	1	0	0	0	0	0	0	0	0	0	0	0
444	2016-05-16 00:13:06.67	2016-05-16 00:13:07.48	5	1	0	0	0	0	0	0	0	0	0	0	0
444	2016-05-16 00:13:36.12	2016-05-16 00:13:37.03	5	1	0	0	0	0	0	0	0	0	0	0	0
444	2016-05-16 00:13:36.32	2016-05-16 00:13:37.53	6	-1	1	0	0	0	0	0	0	0	0	0	0
445	2016-05-16 00:13:39.17	2016-05-16 00:13:39.21	6	-1	1	0	0	0	0	0	0	0	0	0	0
445	2016-05-16 00:13:46.48	2016-05-16 00:13:46.57	6	-1	1	0	0	0	0	0	0	0	0	0	0
445	2016-05-16 00:13:46.68	2016-05-16 00:13:47.07	6	-1	1	0	0	0	0	0	0	0	0	0	0
445	2016-05-16 00:13:47.10	2016-05-16 00:13:47.18	6	-1	1	0	0	0	0	0	0	0	0	0	0
445	2016-05-16 00:13:47.21	2016-05-16 00:13:47.31	6	-1	1	0	0	0	0	0	0	0	0	0	0
445	2016-05-16 00:13:47.42	2016-05-16 00:13:47.46	6	-1	1	0	0	0	0	0	0	0	0	0	0
445	2016-05-16 00:13:47.51	2016-05-16 00:13:47.57	6	-1	1	0	0	0	0	0	0	0	0	0	0
445	2016-05-16 00:13:47.59	2016-05-16 00:13:48.03	6	-1	1	0	0	0	0	0	0	0	0	0	0
445	2016-05-16 00:13:48.14	2016-05-16 00:13:48.84	6	-1	1	0	0	0	0	0	0	0	0	0	0
445	2016-05-16 00:13:49.37	2016-05-16 00:13:49.43	6	-1	1	0	0	0	0	0	0	0	0	0	0
445	2016-05-16 00:13:49.51	2016-05-16 00:13:49.90	6	-1	1	0	0	0	0	0	0	0	0	0	0
445	2016-05-16 00:13:50.25	2016-05-16 00:13:50.84	6	-1	1	0	0	0	0	0	0	0	0	0	0
445	2016-05-16 00:13:50.90	2016-05-16 00:13:51.92	6	-1	1	0	0	0	0	0	0	0	0	0	0
445	2016-05-16 00:13:52.32	2016-05-16 00:13:52.57	6	-1	1	0	0	0	0	0	0	0	0	0	0
449	2016-05-16 00:14:40.09	2016-05-16 00:14:41.06	6	-1	1	0	0	0	0	0	0	0	0	0	0
449	2016-05-16 00:14:41.25	2016-05-16 00:14:41.28	6	-1	1	0	0	0	0	0	0	0	0	0	0
450	2016-05-16 00:14:41.87	2016-05-16 00:14:41.95	5	1	0	0	0	0	0	0	0	0	0	0	0
450	2016-05-16 00:14:41.98	2016-05-16 00:14:42.04	5	1	0	0	0	0	0	0	0	0	0	0	0
450	2016-05-16 00:14:42.43	2016-05-16 00:14:42.45	6	-1	1	0	0	0	0	0	0	0	0	0	0
450	2016-05-16 00:14:42.53	2016-05-16 00:14:43.28	6	-1	1	0	0	0	0	0	0	0	0	0	0
452	2016-05-16 00:14:46.04	2016-05-16 00:14:46.07	6	-1	1	0	0	0	0	0	0	0	0	0	0
452	2016-05-16 00:14:46.17	2016-05-16 00:14:46.35	5	1	0	0	0	0	0	0	0	0	0	0	0
454	2016-05-16 00:15:21.25	2016-05-16 00:15:21.39	5	1	0	0	0	0	0	0	0	0	0	0	0
454	2016-05-16 00:15:38.03	2016-05-16 00:15:40.43	6	-1	1	0	0	0	0	0	0	0	0	0	0
454	2016-05-16 00:15:44.51	2016-05-16 00:15:44.95	5	1	0	0	0	0	0	0	0	0	0	0	0
454	2016-05-16 00:16:32.32	2016-05-16 00:16:34.84	6	-1	1	0	0	0	0	0	0	0	0	0	0
455	2016-05-16 00:16:58.76	2016-05-16 00:16:59.67	5	1	0	0	0	0	0	0	0	0	0	0	0
456	2016-05-16 00:17:03.45	2016-05-16 00:17:03.48	6	-1	1	0	0	0	0	0	0	0	0	0	0
456	2016-05-16 00:17:03.50	2016-05-16 00:17:03.59	6	-1	1	0	0	0	0	0	0	0	0	0	0
456	2016-05-16 00:17:03.25	2016-05-16 00:17:03.85	5	1	0	0	0	0	0	0	0	0	0	0	0
456	2016-05-16 00:17:03.73	2016-05-16 00:17:04.00	6	-1	1	0	0	0	0	0	0	0	0	0	0
456	2016-05-16 00:17:04.04	2016-05-16 00:17:04.06	5	1	0	0	0	0	0	0	0	0	0	0	0
456	2016-05-16 00:17:04.76	2016-05-16 00:17:04.89	5	1	0	0	0	0	0	0	0	0	0	0	0
456	2016-05-16 00:17:04.85	2016-05-16 00:17:04.96	6	-1	1	0	0	0	0	0	0	0	0	0	0
456	2016-05-16 00:17:04.98	2016-05-16 00:17:05.48	5	1	0	0	0	0	0	0	0	0	0	0	0
457	2016-05-16 00:17:25.37	2016-05-16 00:17:25.68	5	1	0	0	0	0	0	0	0	0	0	0	0
457	2016-05-16 00:17:32.70	2016-05-16 00:17:32.78	6	-1	1	0	0	0	0	0	0	0	0	0	0
459	2016-05-16 00:21:54.92	2016-05-16 00:21:55.10	5	1	0	0	0	0	0	0	0	0	0	0	0
459	2016-05-16 00:21:56.34	2016-05-16 00:21:57.03	5	1	0	0	0	0	0	0	0	0	0	0	0
460	2016-05-16 00:22:39.06	2016-05-16 00:22:39.09	5	1	0	0	0	0	0	0	0	0	0	0	0
460	2016-05-16 00:22:39.26	2016-05-16 00:22:39.82	5	1	0	0	0	0	0	0	0	0	0	0	0
460	2016-05-16 00:22:46.76	2016-05-16 00:22:47.53	5	1	0	0	0	0	0	0	0	0	0	0	0
460	2016-05-16 00:22:48.70	2016-05-16 00:22:48.90	6	-1	1	0	0	0	0	0	0	0	0	0	0
460	2016-05-16 00:22:49.03	2016-05-16 00:22:49.04	6	-1	1	0	0	0	0	0	0	0	0	0	0
460	2016-05-16 00:22:53.60	2016-05-16 00:22:54.62	6	-1	1	0	0	0	0	0	0	0	0	0	0
460	2016-05-16 00:22:56.51	2016-05-16 00:22:56.87	5	1	0	0	0	0	0	0	0	0	0	0	0
461	2016-05-16 00:23:22.10	2016-05-16 00:23:22.35	6	-1	1	0	0	0	0	0	0	0	0	0	0
462	2016-05-16 00:23:41.39	2016-05-16 00:23:41.85	6	-1	1	0	0	0	0	0	0	0	0	0	0
462	2016-05-16 00:23:43.48	2016-05-16 00:23:43.65	5	1	0	0	0	0	0	0	0	0	0	0	0
462	2016-05-16 00:23:48.04	2016-05-16 00:23:48.15	5	1	0	0	0	0	0	0	0	0	0	0	0
462	2016-05-16 00:23:59.17	2016-05-16 00:23:59.23	6	-1	1	0	0	0	0	0	0	0	0	0	0
462	2016-05-16 00:23:59.34	2016-05-16 00:23:59.37	6	-1	1	0	0	0	0	0	0	0	0	0	0
463	2016-05-16 00:24:14.17	2016-05-16 00:24:14.75	5	1	0	0	0	0	0	0	0	0	0	0	0
464	2016-05-16 00:24:49.25	2016-05-16 00:24:49.39	6	-1	1	0	0	0	0	0	0	0	0	0	0
464	2016-05-16 00:25:22.60	2016-05-16 00:25:23.26	5	1	0	0	0	0	0	0	0	0	0	0	0
464	2016-05-16 00:25:29.57	2016-05-16 00:25:30.00	6	-1	1	0	0	0	0	0	0	0	0	0	0
464	2016-05-16 00:25:40.93	2016-05-16 00:25:41.06	5	1	0	0	0	0	0	0	0	0	0	0	0
464	2016-05-16 00:25:47.03	2016-05-16 00:25:47.42	5	1	0	0	0	0	0	0	0	0	0	0	0
464	2016-05-16 00:26:07.21	2016-05-16 00:26:07.56	5	1	0	0	0	0	0	0	0	0	0	0	0
465	2016-05-16 00:26:09.34	2016-05-16 00:26:09.42	6	-1	1	0	0	0	0	0	0	0	0	0	0
466	2016-05-16 00:26:10.51	2016-05-16 00:26:10.62	6	-1	1	0	0	0	0	0	0	0	0	0	0
466	2016-05-16 00:26:10.76	2016-05-16 00:26:11.34	5	1	0	0	0	0	0	0	0	0	0	0	0
467	2016-05-16 00:26:22.45	2016-05-16 00:26:22.82	5	1	0	0	0	0	0	0	0	0	0	0	0
467	2016-05-16 00:26:24.51	2016-05-16 00:26:25.14	5	1	0	0	0	0	0	0	0	0	0	0	0
468	2016-05-16 00:26:33.59	2016-05-16 00:26:34.46	5	1	0	0	0	0	0	0	0	0	0	0	0
470	2016-05-16 00:27:29.64	2016-05-16 00:27:29.73	6	-1	1	0	0	0	0	0	0	0	0	0	0
470	2016-05-16 00:27:43.17	2016-05-16 00:27:43.87	6	-1	1	0	0	0	0	0	0	0	0	0	0
472	2016-05-16 00:28:10.67	2016-05-16 00:28:10.76	6	-1	1	0	0	0	0	0	0	0	0	0	0
472	2016-05-16 00:28:15.28	2016-05-16 00:28:15.31	5	1	0	0	0	0	0	0	0	0	0	0	0
472	2016-05-16 00:28:16.21	2016-05-16 00:28:16.64	5	1	0	0	0	0	0	0	0	0	0	0	0
475	2016-05-16 00:29:26.56	2016-05-16 00:29:27.01	6	-1	1	0	0	0	0	0	0	0	0	0	0
477	2016-05-16 00:31:46.82	2016-05-16 00:31:47.14	6	-1	1	0	0	0	0	0	0	0	0	0	0
477	2016-05-16 00:31:47.23	2016-05-16 00:31:47.25	6	-1	1	0	0	0	0	0	0	0	0	0	0
479	2016-05-16 00:32:28.12	2016-05-16 00:32:28.62	6	-1	1	0	0	0	0	0	0	0	0	0	0
479	2016-05-16 00:32:28.67	2016-05-16 00:32:28.96	6	-1	1	0	0	0	0	0	0	0	0	0	0
479	2016-05-16 00:33:21.59	2016-05-16 00:33:22.79	6	-1	1	0	0	0	0	0	0	0	0	0	0
479	2016-05-16 00:33:23.12	2016-05-16 00:33:23.96	6	-1	1	0	0	0	0	0	0	0	0	0	0
479	2016-05-16 00:33:24.28	2016-05-16 00:33:24.29	6	-1	1	0	0	0	0	0	0	0	0	0	0
479	2016-05-16 00:33:26.54	2016-05-16 00:33:27.03	6	-1	1	0	0	0	0	0	0	0	0	0	0
479	2016-05-16 00:33:47.00	2016-05-16 00:33:47.06	5	1	0	0	0	0	0	0	0	0	0	0	0
479	2016-05-16 00:33:54.00	2016-05-16 00:33:54.43	6	-1	1	0	0	0	0	0	0	0	0	0	0
479	2016-05-16 00:33:59.20	2016-05-16 00:33:59.56	6	-1	1	0	0	0	0	0	0	0	0	0	0
479	2016-05-16 00:33:59.78	2016-05-16 00:33:59.79	6	-1	1	0	0	0	0	0	0	0	0	0	0
479	2016-05-16 00:34:00.64	2016-05-16 00:34:00.68	5	1	0	0	0	0	0	0	0	0	0	0	0
479	2016-05-16 00:34:01.78	2016-05-16 00:34:02.62	5	1	0	0	0	0	0	0	0	0	0	0	0
479	2016-05-16 00:34:04.67	2016-05-16 00:34:05.12	5	1	0	0	0	0	0	0	0	0	0	0	0
480	2016-05-16 00:34:14.59	2016-05-16 00:34:15.07	6	-1	1	0	0	0	0	0	0	0	0	0	0
480	2016-05-16 00:34:16.60	2016-05-16 00:34:17.09	6	-1	1	0	0	0	0	0	0	0	0	0	0
480	2016-05-16 00:34:18.89	2016-05-16 00:34:19.98	6	-1	1	0	0	0	0	0	0	0	0	0	0
481	2016-05-16 00:34:28.87	2016-05-16 00:34:29.34	5	1	0	0	0	0	0	0	0	0	0	0	0
483	2016-05-16 00:37:01.04	2016-05-16 00:37:01.12	5	1	0	0	0	0	0	0	0	0	0	0	0
483	2016-05-16 00:37:01.20	2016-05-16 00:37:06.09	5	1	0	0	0	0	0	0	0	0	0	0	0
483	2016-05-16 00:37:11.14	2016-05-16 00:37:11.48	6	-1	1	0	0	0	0	0	0	0	0	0	0
483	2016-05-16 00:37:15.96	2016-05-16 00:37:16.31	6	-1	1	0	0	0	0	0	0	0	0	0	0
483	2016-05-16 00:37:16.45	2016-05-16 00:37:16.51	6	-1	1	0	0	0	0	0	0	0	0	0	0
487	2016-05-16 00:44:46.90	2016-05-16 00:44:48.73	5	1	0	0	0	0	0	0	0	0	0	0	0
487	2016-05-16 00:44:53.39	2016-05-16 00:44:53.75	6	-1	1	0	0	0	0	0	0	0	0	0	0
488	2016-05-16 00:45:02.15	2016-05-16 00:45:03.57	5	1	0	0	0	0	0	0	0	0	0	0	0
488	2016-05-16 00:45:05.90	2016-05-16 00:45:06.32	5	1	0	0	0	0	0	0	0	0	0	0	0
488	2016-05-16 00:45:11.78	2016-05-16 00:45:11.85	5	1	0	0	0	0	0	0	0	0	0	0	0
488	2016-05-16 00:45:14.42	2016-05-16 00:45:14.81	6	-1	1	0	0	0	0	0	0	0	0	0	0
488	2016-05-16 00:45:18.53	2016-05-16 00:45:18.59	6	-1	1	0	0	0	0	0	0	0	0	0	0
488	2016-05-16 00:45:18.62	2016-05-16 00:45:18.75	6	-1	1	0	0	0	0	0	0	0	0	0	0
489	2016-05-16 00:45:24.70	2016-05-16 00:45:24.82	5	1	0	0	0	0	0	0	0	0	0	0	0
489	2016-05-16 00:45:24.92	2016-05-16 00:45:30.48	5	1	0	0	0	0	0	0	0	0	0	0	0
489	2016-05-16 00:45:48.09	2016-05-16 00:45:48.65	6	-1	1	0	0	0	0	0	0	0	0	0	0
489	2016-05-16 00:45:55.76	2016-05-16 00:45:56.57	5	1	0	0	0	0	0	0	0	0	0	0	0
489	2016-05-16 00:45:56.60	2016-05-16 00:45:58.17	6	-1	1	0	0	0	0	0	0	0	0	0	0
489	2016-05-16 00:45:58.31	2016-05-16 00:45:58.87	6	-1	1	0	0	0	0	0	0	0	0	0	0
489	2016-05-16 00:45:59.42	2016-05-16 00:45:59.60	6	-1	1	0	0	0	0	0	0	0	0	0	0
489	2016-05-16 00:45:59.93	2016-05-16 00:46:00.87	6	-1	1	0	0	0	0	0	0	0	0	0	0
489	2016-05-16 00:46:00.92	2016-05-16 00:46:01.28	6	-1	1	0	0	0	0	0	0	0	0	0	0
489	2016-05-16 00:46:01.64	2016-05-16 00:46:01.82	6	-1	1	0	0	0	0	0	0	0	0	0	0
489	2016-05-16 00:46:02.56	2016-05-16 00:46:02.65	6	-1	1	0	0	0	0	0	0	0	0	0	0
489	2016-05-16 00:46:02.82	2016-05-16 00:46:03.25	6	-1	1	0	0	0	0	0	0	0	0	0	0
490	2016-05-16 00:46:05.96	2016-05-16 00:46:06.87	6	-1	1	0	0	0	0	0	0	0	0	0	0
491	2016-05-16 00:46:18.51	2016-05-16 00:46:18.98	6	-1	1	0	0	0	0	0	0	0	0	0	0
492	2016-05-16 00:46:36.17	2016-05-16 00:46:36.89	5	1	0	0	0	0	0	0	0	0	0	0	0
493	2016-05-16 00:46:43.79	2016-05-16 00:46:45.85	5	1	0	0	0	0	0	0	0	0	0	0	0
494	2016-05-16 00:50:38.70	2016-05-16 00:50:38.93	6	-1	1	0	0	0	0	0	0	0	0	0	0
498	2016-05-16 00:53:25.65	2016-05-16 00:53:26.64	5	1	0	0	0	0	0	0	0	0	0	0	0
499	2016-05-16 00:54:46.98	2016-05-16 00:54:49.42	5	1	0	0	0	0	0	0	0	0	0	0	0
500	2016-05-16 00:55:24.48	2016-05-16 00:55:24.73	6	-1	1	0	0	0	0	0	0	0	0	0	0
500	2016-05-16 00:55:42.51	2016-05-16 00:55:43.07	6	-1	1	0	0	0	0	0	0	0	0	0	0
502	2016-05-16 01:02:54.93	2016-05-16 01:02:56.93	5	1	0	0	0	0	0	0	0	0	0	0	0
503	2016-05-16 01:03:04.46	2016-05-16 01:03:04.90	6	-1	1	0	0	0	0	0	0	0	0	0	0
505	2016-05-16 01:21:02.82	2016-05-16 01:21:04.95	5	1	0	0	0	0	0	0	0	0	0	0	0
505	2016-05-16 01:21:08.54	2016-05-16 01:21:09.45	5	1	0	0	0	0	0	0	0	0	0	0	0
505	2016-05-16 01:21:10.15	2016-05-16 01:21:11.46	5	1	0	0	0	0	0	0	0	0	0	0	0
505	2016-05-16 01:21:11.56	2016-05-16 01:21:11.59	5	1	0	0	0	0	0	0	0	0	0	0	0
507	2016-05-16 01:37:43.14	2016-05-16 01:37:44.39	5	1	0	0	0	0	0	0	0	0	0	0	0
507	2016-05-16 01:37:51.23	2016-05-16 01:37:51.46	6	-1	1	0	0	0	0	0	0	0	0	0	0
507	2016-05-16 01:37:54.29	2016-05-16 01:37:55.35	5	1	0	0	0	0	0	0	0	0	0	0	0
507	2016-05-16 01:38:01.87	2016-05-16 01:38:02.26	5	1	0	0	0	0	0	0	0	0	0	0	0
507	2016-05-16 01:38:19.43	2016-05-16 01:38:19.92	6	-1	1	0	0	0	0	0	0	0	0	0	0
507	2016-05-16 01:38:39.34	2016-05-16 01:38:40.29	5	1	0	0	0	0	0	0	0	0	0	0	0
508	2016-05-16 01:39:18.15	2016-05-16 01:39:18.57	5	1	0	0	0	0	0	0	0	0	0	0	0
511	2016-05-16 01:55:55.04	2016-05-16 01:55:56.57	5	1	0	0	0	0	0	0	0	0	0	0	0
511	2016-05-16 01:55:58.45	2016-05-16 01:55:59.51	5	1	0	0	0	0	0	0	0	0	0	0	0
513	2016-05-16 01:58:47.09	2016-05-16 01:58:47.67	6	-1	1	0	0	0	0	0	0	0	0	0	0
513	2016-05-16 01:58:51.04	2016-05-16 01:58:51.17	5	1	0	0	0	0	0	0	0	0	0	0	0
513	2016-05-16 01:58:54.35	2016-05-16 01:58:54.84	5	1	0	0	0	0	0	0	0	0	0	0	0
514	2016-05-16 01:59:47.51	2016-05-16 01:59:48.18	5	1	0	0	0	0	0	0	0	0	0	0	0
515	2016-05-16 02:00:31.67	2016-05-16 02:00:33.23	5	1	0	0	0	0	0	0	0	0	0	0	0
517	2016-05-16 02:39:44.67	2016-05-16 02:39:46.46	5	1	0	0	0	0	0	0	0	0	0	0	0
517	2016-05-16 02:39:48.01	2016-05-16 02:39:48.60	6	-1	1	0	0	0	0	0	0	0	0	0	0
517	2016-05-16 02:39:49.15	2016-05-16 02:39:49.21	6	-1	1	0	0	0	0	0	0	0	0	0	0
518	2016-05-16 02:40:42.01	2016-05-16 02:40:42.14	6	-1	1	0	0	0	0	0	0	0	0	0	0
519	2016-05-16 02:40:58.46	2016-05-16 02:40:58.67	5	1	0	0	0	0	0	0	0	0	0	0	0
519	2016-05-16 02:40:58.76	2016-05-16 02:41:00.75	5	1	0	0	0	0	0	0	0	0	0	0	0
521	2016-05-16 02:54:51.76	2016-05-16 02:54:52.03	5	1	0	0	0	0	0	0	0	0	0	0	0
521	2016-05-16 02:54:55.06	2016-05-16 02:54:55.67	6	-1	1	0	0	0	0	0	0	0	0	0	0
525	2016-05-16 03:03:47.06	2016-05-16 03:03:47.48	6	-1	1	0	0	0	0	0	0	0	0	0	0
525	2016-05-16 03:03:50.28	2016-05-16 03:03:50.82	6	-1	1	0	0	0	0	0	0	0	0	0	0
527	2016-05-16 03:08:45.04	2016-05-16 03:08:46.68	5	1	0	0	0	0	0	0	0	0	0	0	0
527	2016-05-16 03:09:13.79	2016-05-16 03:09:14.21	5	1	0	0	0	0	0	0	0	0	0	0	0
530	2016-05-16 05:41:30.15	2016-05-16 05:41:30.28	5	1	0	0	0	0	0	0	0	0	0	0	0
530	2016-05-16 05:41:30.57	2016-05-16 05:41:31.14	5	1	0	0	0	0	0	0	0	0	0	0	0
533	2016-05-16 06:16:02.53	2016-05-16 06:16:03.06	5	1	0	0	0	0	0	0	0	0	0	0	0
533	2016-05-16 06:16:11.78	2016-05-16 06:16:11.90	6	-1	1	0	0	0	0	0	0	0	0	0	0
533	2016-05-16 06:16:12.01	2016-05-16 06:16:12.25	6	-1	1	0	0	0	0	0	0	0	0	0	0
533	2016-05-16 06:16:12.26	2016-05-16 06:16:12.31	6	-1	1	0	0	0	0	0	0	0	0	0	0
534	2016-05-16 06:18:28.07	2016-05-16 06:18:28.90	5	1	0	0	0	0	0	0	0	0	0	0	0
536	2016-05-16 06:54:06.76	2016-05-16 06:54:06.78	5	1	0	0	0	0	0	0	0	0	0	0	0
539	2016-05-16 07:02:01.60	2016-05-16 07:02:01.67	6	-1	1	0	0	0	0	0	0	0	0	0	0
544	2016-05-16 07:13:46.42	2016-05-16 07:13:47.04	5	1	0	0	0	0	0	0	0	0	0	0	0
545	2016-05-16 07:15:06.37	2016-05-16 07:15:06.53	5	1	0	0	0	0	0	0	0	0	0	0	0
545	2016-05-16 07:15:29.50	2016-05-16 07:15:29.53	6	-1	1	0	0	0	0	0	0	0	0	0	0
546	2016-05-16 07:15:40.29	2016-05-16 07:15:41.18	6	-1	1	0	0	0	0	0	0	0	0	0	0
546	2016-05-16 07:16:00.75	2016-05-16 07:16:01.50	5	1	0	0	0	0	0	0	0	0	0	0	0
546	2016-05-16 07:16:03.20	2016-05-16 07:16:03.54	5	1	0	0	0	0	0	0	0	0	0	0	0
546	2016-05-16 07:16:06.03	2016-05-16 07:16:06.21	5	1	0	0	0	0	0	0	0	0	0	0	0
546	2016-05-16 07:16:06.01	2016-05-16 07:16:06.37	6	-1	1	0	0	0	0	0	0	0	0	0	0
546	2016-05-16 07:16:06.46	2016-05-16 07:16:06.64	6	-1	1	0	0	0	0	0	0	0	0	0	0
546	2016-05-16 07:16:07.29	2016-05-16 07:16:07.56	6	-1	1	0	0	0	0	0	0	0	0	0	0
546	2016-05-16 07:16:06.54	2016-05-16 07:16:08.53	5	1	0	0	0	0	0	0	0	0	0	0	0
547	2016-05-16 07:16:20.65	2016-05-16 07:16:20.75	5	1	0	0	0	0	0	0	0	0	0	0	0
548	2016-05-16 07:22:34.70	2016-05-16 07:22:34.78	6	-1	1	0	0	0	0	0	0	0	0	0	0
550	2016-05-16 07:23:58.54	2016-05-16 07:23:59.32	5	1	0	0	0	0	0	0	0	0	0	0	0
552	2016-05-16 07:33:12.17	2016-05-16 07:33:13.75	5	1	0	0	0	0	0	0	0	0	0	0	0
552	2016-05-16 07:33:22.28	2016-05-16 07:33:23.53	5	1	0	0	0	0	0	0	0	0	0	0	0
552	2016-05-16 07:33:40.67	2016-05-16 07:33:40.92	6	-1	1	0	0	0	0	0	0	0	0	0	0
552	2016-05-16 07:33:43.35	2016-05-16 07:33:43.95	6	-1	1	0	0	0	0	0	0	0	0	0	0
553	2016-05-16 07:34:39.40	2016-05-16 07:34:40.31	5	1	0	0	0	0	0	0	0	0	0	0	0
554	2016-05-16 07:35:32.21	2016-05-16 07:35:32.23	5	1	0	0	0	0	0	0	0	0	0	0	0
554	2016-05-16 07:35:32.57	2016-05-16 07:35:33.39	5	1	0	0	0	0	0	0	0	0	0	0	0
555	2016-05-16 07:36:12.03	2016-05-16 07:36:13.26	5	1	0	0	0	0	0	0	0	0	0	0	0
555	2016-05-16 07:36:51.48	2016-05-16 07:36:52.64	6	-1	1	0	0	0	0	0	0	0	0	0	0
555	2016-05-16 07:36:52.70	2016-05-16 07:36:53.15	5	1	0	0	0	0	0	0	0	0	0	0	0
555	2016-05-16 07:36:52.89	2016-05-16 07:36:56.09	6	-1	1	0	0	0	0	0	0	0	0	0	0
555	2016-05-16 07:37:09.60	2016-05-16 07:37:09.93	5	1	0	0	0	0	0	0	0	0	0	0	0
555	2016-05-16 07:37:11.65	2016-05-16 07:37:11.95	5	1	0	0	0	0	0	0	0	0	0	0	0
555	2016-05-16 07:37:12.71	2016-05-16 07:37:14.81	5	1	0	0	0	0	0	0	0	0	0	0	0
555	2016-05-16 07:37:15.17	2016-05-16 07:37:16.70	5	1	0	0	0	0	0	0	0	0	0	0	0
558	2016-05-16 07:37:30.35	2016-05-16 07:37:31.03	5	1	0	0	0	0	0	0	0	0	0	0	0
558	2016-05-16 07:37:47.15	2016-05-16 07:37:47.23	6	-1	1	0	0	0	0	0	0	0	0	0	0
558	2016-05-16 07:37:47.71	2016-05-16 07:37:47.89	6	-1	1	0	0	0	0	0	0	0	0	0	0
558	2016-05-16 07:37:47.93	2016-05-16 07:37:47.95	6	-1	1	0	0	0	0	0	0	0	0	0	0
558	2016-05-16 07:37:48.06	2016-05-16 07:37:48.17	6	-1	1	0	0	0	0	0	0	0	0	0	0
558	2016-05-16 07:37:48.50	2016-05-16 07:37:49.12	6	-1	1	0	0	0	0	0	0	0	0	0	0
559	2016-05-16 07:38:05.62	2016-05-16 07:38:06.23	5	1	0	0	0	0	0	0	0	0	0	0	0
559	2016-05-16 07:38:16.64	2016-05-16 07:38:16.70	6	-1	1	0	0	0	0	0	0	0	0	0	0
559	2016-05-16 07:38:20.64	2016-05-16 07:38:21.32	6	-1	1	0	0	0	0	0	0	0	0	0	0
559	2016-05-16 07:38:22.62	2016-05-16 07:38:23.37	5	1	0	0	0	0	0	0	0	0	0	0	0
559	2016-05-16 07:38:39.09	2016-05-16 07:38:39.20	6	-1	1	0	0	0	0	0	0	0	0	0	0
560	2016-05-16 07:39:36.31	2016-05-16 07:39:37.25	5	1	0	0	0	0	0	0	0	0	0	0	0
560	2016-05-16 07:39:43.10	2016-05-16 07:39:43.93	5	1	0	0	0	0	0	0	0	0	0	0	0
560	2016-05-16 07:39:49.90	2016-05-16 07:39:49.96	6	-1	1	0	0	0	0	0	0	0	0	0	0
560	2016-05-16 07:39:50.03	2016-05-16 07:39:50.10	6	-1	1	0	0	0	0	0	0	0	0	0	0
560	2016-05-16 07:39:55.21	2016-05-16 07:39:55.59	6	-1	1	0	0	0	0	0	0	0	0	0	0
560	2016-05-16 07:40:09.00	2016-05-16 07:40:10.71	5	1	0	0	0	0	0	0	0	0	0	0	0
561	2016-05-16 07:40:13.53	2016-05-16 07:40:14.14	6	-1	1	0	0	0	0	0	0	0	0	0	0
561	2016-05-16 07:40:14.17	2016-05-16 07:40:14.28	5	1	0	0	0	0	0	0	0	0	0	0	0
561	2016-05-16 07:40:14.71	2016-05-16 07:40:14.82	6	-1	1	0	0	0	0	0	0	0	0	0	0
565	2016-05-16 07:40:26.12	2016-05-16 07:40:28.64	6	-1	1	0	0	0	0	0	0	0	0	0	0
565	2016-05-16 07:40:29.14	2016-05-16 07:40:29.17	6	-1	1	0	0	0	0	0	0	0	0	0	0
565	2016-05-16 07:40:29.37	2016-05-16 07:40:29.45	6	-1	1	0	0	0	0	0	0	0	0	0	0
572	2016-05-16 08:00:38.07	2016-05-16 08:00:38.54	5	1	0	0	0	0	0	0	0	0	0	0	0
572	2016-05-16 08:00:38.57	2016-05-16 08:00:38.76	5	1	0	0	0	0	0	0	0	0	0	0	0
574	2016-05-16 08:08:12.73	2016-05-16 08:08:12.84	6	-1	1	0	0	0	0	0	0	0	0	0	0
574	2016-05-16 08:08:12.89	2016-05-16 08:08:13.42	6	-1	1	0	0	0	0	0	0	0	0	0	0
578	2016-05-16 08:36:10.26	2016-05-16 08:36:10.48	6	-1	1	0	0	0	0	0	0	0	0	0	0
578	2016-05-16 08:36:19.15	2016-05-16 08:36:19.87	5	1	0	0	0	0	0	0	0	0	0	0	0
581	2016-05-16 09:10:36.64	2016-05-16 09:10:39.01	5	1	0	0	0	0	0	0	0	0	0	0	0
582	2016-05-16 09:18:31.96	2016-05-16 09:18:32.70	5	1	0	0	0	0	0	0	0	0	0	0	0
582	2016-05-16 09:18:45.50	2016-05-16 09:18:46.31	5	1	0	0	0	0	0	0	0	0	0	0	0
584	2016-05-16 09:30:10.65	2016-05-16 09:30:10.67	5	1	0	0	0	0	0	0	0	0	0	0	0
585	2016-05-16 09:35:53.15	2016-05-16 09:35:54.06	5	1	0	0	0	0	0	0	0	0	0	0	0
585	2016-05-16 09:36:16.70	2016-05-16 09:36:17.46	5	1	0	0	0	0	0	0	0	0	0	0	0
585	2016-05-16 09:36:17.48	2016-05-16 09:36:17.53	5	1	0	0	0	0	0	0	0	0	0	0	0
585	2016-05-16 09:36:18.20	2016-05-16 09:36:18.31	5	1	0	0	0	0	0	0	0	0	0	0	0
585	2016-05-16 09:36:18.54	2016-05-16 09:36:18.75	5	1	0	0	0	0	0	0	0	0	0	0	0
585	2016-05-16 09:36:30.75	2016-05-16 09:36:31.15	5	1	0	0	0	0	0	0	0	0	0	0	0
586	2016-05-16 09:37:19.50	2016-05-16 09:37:20.12	5	1	0	0	0	0	0	0	0	0	0	0	0
589	2016-05-16 09:56:23.00	2016-05-16 09:56:23.51	6	-1	1	0	0	0	0	0	0	0	0	0	0
591	2016-05-16 09:56:46.25	2016-05-16 09:56:47.01	5	1	0	0	0	0	0	0	0	0	0	0	0
594	2016-05-16 10:00:44.12	2016-05-16 10:00:44.64	6	-1	1	0	0	0	0	0	0	0	0	0	0
595	2016-05-16 10:00:48.01	2016-05-16 10:00:48.12	5	1	0	0	0	0	0	0	0	0	0	0	0
595	2016-05-16 10:01:06.87	2016-05-16 10:01:08.25	5	1	0	0	0	0	0	0	0	0	0	0	0
598	2016-05-16 10:12:27.98	2016-05-16 10:12:28.48	6	-1	1	0	0	0	0	0	0	0	0	0	0
598	2016-05-16 10:13:00.64	2016-05-16 10:13:01.10	6	-1	1	0	0	0	0	0	0	0	0	0	0
598	2016-05-16 10:13:03.60	2016-05-16 10:13:12.71	5	1	0	0	0	0	0	0	0	0	0	0	0
598	2016-05-16 10:13:25.60	2016-05-16 10:13:25.64	6	-1	1	0	0	0	0	0	0	0	0	0	0
598	2016-05-16 10:13:33.21	2016-05-16 10:13:33.62	6	-1	1	0	0	0	0	0	0	0	0	0	0
598	2016-05-16 10:13:34.90	2016-05-16 10:13:34.98	6	-1	1	0	0	0	0	0	0	0	0	0	0
598	2016-05-16 10:13:37.93	2016-05-16 10:13:38.00	6	-1	1	0	0	0	0	0	0	0	0	0	0
598	2016-05-16 10:13:41.73	2016-05-16 10:13:41.87	6	-1	1	0	0	0	0	0	0	0	0	0	0
598	2016-05-16 10:13:42.39	2016-05-16 10:13:43.62	6	-1	1	0	0	0	0	0	0	0	0	0	0
598	2016-05-16 10:13:56.51	2016-05-16 10:13:57.37	5	1	0	0	0	0	0	0	0	0	0	0	0
598	2016-05-16 10:14:08.40	2016-05-16 10:14:09.04	5	1	0	0	0	0	0	0	0	0	0	0	0
599	2016-05-16 10:15:59.71	2016-05-16 10:16:01.87	5	1	0	0	0	0	0	0	0	0	0	0	0
600	2016-05-16 10:16:08.51	2016-05-16 10:16:08.81	6	-1	1	0	0	0	0	0	0	0	0	0	0
600	2016-05-16 10:16:08.89	2016-05-16 10:16:09.78	6	-1	1	0	0	0	0	0	0	0	0	0	0
600	2016-05-16 10:16:32.34	2016-05-16 10:16:33.84	5	1	0	0	0	0	0	0	0	0	0	0	0
600	2016-05-16 10:16:33.40	2016-05-16 10:16:34.51	6	-1	1	0	0	0	0	0	0	0	0	0	0
606	2016-05-16 10:16:50.79	2016-05-16 10:16:51.42	5	1	0	0	0	0	0	0	0	0	0	0	0
606	2016-05-16 10:16:51.68	2016-05-16 10:16:53.87	5	1	0	0	0	0	0	0	0	0	0	0	0
606	2016-05-16 10:17:12.95	2016-05-16 10:17:12.96	6	-1	1	0	0	0	0	0	0	0	0	0	0
607	2016-05-16 10:17:41.40	2016-05-16 10:17:44.60	5	1	0	0	0	0	0	0	0	0	0	0	0
607	2016-05-16 10:17:46.93	2016-05-16 10:17:47.18	6	-1	1	0	0	0	0	0	0	0	0	0	0
609	2016-05-16 10:19:13.71	2016-05-16 10:19:15.67	5	1	0	0	0	0	0	0	0	0	0	0	0
609	2016-05-16 10:19:15.73	2016-05-16 10:19:15.78	5	1	0	0	0	0	0	0	0	0	0	0	0
609	2016-05-16 10:19:17.25	2016-05-16 10:19:17.82	5	1	0	0	0	0	0	0	0	0	0	0	0
609	2016-05-16 10:19:19.53	2016-05-16 10:19:19.54	5	1	0	0	0	0	0	0	0	0	0	0	0
609	2016-05-16 10:19:21.56	2016-05-16 10:19:21.57	5	1	0	0	0	0	0	0	0	0	0	0	0
609	2016-05-16 10:19:22.37	2016-05-16 10:19:23.57	5	1	0	0	0	0	0	0	0	0	0	0	0
609	2016-05-16 10:19:28.04	2016-05-16 10:19:28.37	5	1	0	0	0	0	0	0	0	0	0	0	0
609	2016-05-16 10:19:30.50	2016-05-16 10:19:31.46	5	1	0	0	0	0	0	0	0	0	0	0	0
609	2016-05-16 10:19:34.04	2016-05-16 10:19:34.82	5	1	0	0	0	0	0	0	0	0	0	0	0
609	2016-05-16 10:20:19.59	2016-05-16 10:20:20.25	5	1	0	0	0	0	0	0	0	0	0	0	0
609	2016-05-16 10:20:23.35	2016-05-16 10:20:23.64	5	1	0	0	0	0	0	0	0	0	0	0	0
609	2016-05-16 10:20:23.78	2016-05-16 10:20:23.82	5	1	0	0	0	0	0	0	0	0	0	0	0
609	2016-05-16 10:20:27.31	2016-05-16 10:20:27.37	6	-1	1	0	0	0	0	0	0	0	0	0	0
609	2016-05-16 10:20:27.45	2016-05-16 10:20:27.50	6	-1	1	0	0	0	0	0	0	0	0	0	0
609	2016-05-16 10:20:27.82	2016-05-16 10:20:28.53	5	1	0	0	0	0	0	0	0	0	0	0	0
613	2016-05-16 10:20:37.92	2016-05-16 10:20:38.82	5	1	0	0	0	0	0	0	0	0	0	0	0
613	2016-05-16 10:20:38.96	2016-05-16 10:20:39.15	5	1	0	0	0	0	0	0	0	0	0	0	0
613	2016-05-16 10:20:39.39	2016-05-16 10:20:40.28	5	1	0	0	0	0	0	0	0	0	0	0	0
613	2016-05-16 10:20:40.34	2016-05-16 10:20:40.48	5	1	0	0	0	0	0	0	0	0	0	0	0
613	2016-05-16 10:20:40.73	2016-05-16 10:20:40.87	5	1	0	0	0	0	0	0	0	0	0	0	0
615	2016-05-16 10:20:54.76	2016-05-16 10:20:54.87	5	1	0	0	0	0	0	0	0	0	0	0	0
615	2016-05-16 10:20:54.89	2016-05-16 10:20:55.10	5	1	0	0	0	0	0	0	0	0	0	0	0
615	2016-05-16 10:20:55.21	2016-05-16 10:20:56.50	5	1	0	0	0	0	0	0	0	0	0	0	0
615	2016-05-16 10:20:56.71	2016-05-16 10:20:56.75	5	1	0	0	0	0	0	0	0	0	0	0	0
615	2016-05-16 10:21:01.53	2016-05-16 10:21:01.59	5	1	0	0	0	0	0	0	0	0	0	0	0
615	2016-05-16 10:21:02.14	2016-05-16 10:21:03.59	5	1	0	0	0	0	0	0	0	0	0	0	0
615	2016-05-16 10:21:29.85	2016-05-16 10:21:30.14	6	-1	1	0	0	0	0	0	0	0	0	0	0
615	2016-05-16 10:21:30.15	2016-05-16 10:21:31.01	5	1	0	0	0	0	0	0	0	0	0	0	0
616	2016-05-16 10:21:42.28	2016-05-16 10:21:43.46	5	1	0	0	0	0	0	0	0	0	0	0	0
618	2016-05-16 10:26:07.67	2016-05-16 10:26:08.70	5	1	0	0	0	0	0	0	0	0	0	0	0
619	2016-05-16 10:26:45.01	2016-05-16 10:26:46.31	5	1	0	0	0	0	0	0	0	0	0	0	0
620	2016-05-16 10:38:30.23	2016-05-16 10:38:31.15	5	1	0	0	0	0	0	0	0	0	0	0	0
620	2016-05-16 10:38:31.48	2016-05-16 10:38:32.10	5	1	0	0	0	0	0	0	0	0	0	0	0
621	2016-05-16 10:49:54.65	2016-05-16 10:49:54.84	6	-1	1	0	0	0	0	0	0	0	0	0	0
621	2016-05-16 10:49:55.76	2016-05-16 10:49:56.06	5	1	0	0	0	0	0	0	0	0	0	0	0
622	2016-05-16 10:52:16.17	2016-05-16 10:52:16.87	5	1	0	0	0	0	0	0	0	0	0	0	0
628	2016-05-16 13:35:38.82	2016-05-16 13:35:40.03	5	1	0	0	0	0	0	0	0	0	0	0	0
