VisitID	Start	End	Side	SideCondition	SideError	TimeError	ConditionError	LickNumber	LickContactTime	LickDuration	AirState	DoorState	LED1State	LED2State	LED3State
2	2016-05-10 14:51:45.43	2016-05-10 14:51:46.70	5	1	0	0	0	0	0	0	0	0	0	0	0
4	2016-05-10 15:37:57.04	2016-05-10 15:37:57.71	5	1	0	0	0	0	0	0	0	0	0	0	0
5	2016-05-10 15:41:49.71	2016-05-10 15:41:49.82	5	1	0	0	0	0	0	0	0	0	0	0	0
7	2016-05-10 15:51:26.96	2016-05-10 15:51:27.84	5	1	0	0	0	0	0	0	0	0	0	0	0
11	2016-05-10 16:27:48.76	2016-05-10 16:27:49.04	5	1	0	0	0	0	0	0	0	0	0	0	0
12	2016-05-10 16:39:47.48	2016-05-10 16:39:50.90	5	1	0	0	0	0	0	0	0	0	0	0	0
12	2016-05-10 16:39:51.29	2016-05-10 16:39:51.92	5	1	0	0	0	0	0	0	0	0	0	0	0
13	2016-05-10 17:10:34.21	2016-05-10 17:10:35.43	5	1	0	0	0	0	0	0	0	0	0	0	0
14	2016-05-10 17:12:49.42	2016-05-10 17:12:50.17	5	1	0	0	0	0	0	0	0	0	0	0	0
15	2016-05-10 17:47:31.34	2016-05-10 17:47:31.75	5	1	0	0	0	0	0	0	0	0	0	0	0
16	2016-05-10 18:02:56.09	2016-05-10 18:02:56.26	5	1	0	0	0	0	0	0	0	0	0	0	0
16	2016-05-10 18:02:56.10	2016-05-10 18:02:56.50	6	-1	1	0	0	0	0	0	0	0	0	0	0
16	2016-05-10 18:02:57.46	2016-05-10 18:02:57.64	5	1	0	0	0	0	0	0	0	0	0	0	0
16	2016-05-10 18:03:03.28	2016-05-10 18:03:03.31	5	1	0	0	0	0	0	0	0	0	0	0	0
16	2016-05-10 18:03:07.28	2016-05-10 18:03:07.62	5	1	0	0	0	0	0	0	0	0	0	0	0
16	2016-05-10 18:03:13.29	2016-05-10 18:03:13.51	6	-1	1	0	0	0	0	0	0	0	0	0	0
16	2016-05-10 18:03:13.98	2016-05-10 18:03:14.75	6	-1	1	0	0	0	0	0	0	0	0	0	0
16	2016-05-10 18:03:15.25	2016-05-10 18:03:16.01	6	-1	1	0	0	0	0	0	0	0	0	0	0
16	2016-05-10 18:03:16.09	2016-05-10 18:03:16.09	6	-1	1	0	0	0	0	0	0	0	0	0	0
16	2016-05-10 18:03:16.76	2016-05-10 18:03:17.20	6	-1	1	0	0	0	0	0	0	0	0	0	0
16	2016-05-10 18:03:17.29	2016-05-10 18:03:17.71	6	-1	1	0	0	0	0	0	0	0	0	0	0
16	2016-05-10 18:03:17.59	2016-05-10 18:03:17.73	5	1	0	0	0	0	0	0	0	0	0	0	0
16	2016-05-10 18:03:18.04	2016-05-10 18:03:18.07	6	-1	1	0	0	0	0	0	0	0	0	0	0
16	2016-05-10 18:03:18.42	2016-05-10 18:03:18.43	6	-1	1	0	0	0	0	0	0	0	0	0	0
16	2016-05-10 18:03:18.59	2016-05-10 18:03:18.85	5	1	0	0	0	0	0	0	0	0	0	0	0
16	2016-05-10 18:03:23.46	2016-05-10 18:03:23.75	5	1	0	0	0	0	0	0	0	0	0	0	0
16	2016-05-10 18:03:37.14	2016-05-10 18:03:37.17	6	-1	1	0	0	0	0	0	0	0	0	0	0
16	2016-05-10 18:03:37.26	2016-05-10 18:03:37.68	6	-1	1	0	0	0	0	0	0	0	0	0	0
16	2016-05-10 18:03:38.25	2016-05-10 18:03:38.32	5	1	0	0	0	0	0	0	0	0	0	0	0
16	2016-05-10 18:03:38.35	2016-05-10 18:03:38.43	5	1	0	0	0	0	0	0	0	0	0	0	0
16	2016-05-10 18:03:38.50	2016-05-10 18:03:38.65	5	1	0	0	0	0	0	0	0	0	0	0	0
17	2016-05-10 18:04:33.20	2016-05-10 18:04:33.89	5	1	0	0	0	0	0	0	0	0	0	0	0
17	2016-05-10 18:04:35.65	2016-05-10 18:04:35.82	5	1	0	0	0	0	0	0	0	0	0	0	0
17	2016-05-10 18:05:07.17	2016-05-10 18:05:08.28	5	1	0	0	0	0	0	0	0	0	0	0	0
17	2016-05-10 18:05:42.73	2016-05-10 18:05:43.26	6	-1	1	0	0	0	0	0	0	0	0	0	0
17	2016-05-10 18:05:43.04	2016-05-10 18:05:44.37	5	1	0	0	0	0	0	0	0	0	0	0	0
17	2016-05-10 18:05:44.40	2016-05-10 18:05:44.43	5	1	0	0	0	0	0	0	0	0	0	0	0
18	2016-05-10 18:06:28.14	2016-05-10 18:06:28.29	6	-1	1	0	0	0	0	0	0	0	0	0	0
18	2016-05-10 18:06:30.03	2016-05-10 18:06:30.40	5	1	0	0	0	0	0	0	0	0	0	0	0
18	2016-05-10 18:06:31.93	2016-05-10 18:06:31.95	5	1	0	0	0	0	0	0	0	0	0	0	0
18	2016-05-10 18:06:36.59	2016-05-10 18:06:37.18	6	-1	1	0	0	0	0	0	0	0	0	0	0
18	2016-05-10 18:06:37.42	2016-05-10 18:06:37.51	6	-1	1	0	0	0	0	0	0	0	0	0	0
18	2016-05-10 18:06:37.17	2016-05-10 18:06:38.31	5	1	0	0	0	0	0	0	0	0	0	0	0
19	2016-05-10 18:06:54.87	2016-05-10 18:06:55.18	5	1	0	0	0	0	0	0	0	0	0	0	0
19	2016-05-10 18:06:55.20	2016-05-10 18:06:55.25	5	1	0	0	0	0	0	0	0	0	0	0	0
19	2016-05-10 18:06:57.81	2016-05-10 18:06:57.92	5	1	0	0	0	0	0	0	0	0	0	0	0
19	2016-05-10 18:07:02.78	2016-05-10 18:07:03.51	5	1	0	0	0	0	0	0	0	0	0	0	0
19	2016-05-10 18:07:07.39	2016-05-10 18:07:08.25	6	-1	1	0	0	0	0	0	0	0	0	0	0
19	2016-05-10 18:07:06.57	2016-05-10 18:07:08.31	5	1	0	0	0	0	0	0	0	0	0	0	0
19	2016-05-10 18:07:10.82	2016-05-10 18:07:11.10	6	-1	1	0	0	0	0	0	0	0	0	0	0
19	2016-05-10 18:07:11.20	2016-05-10 18:07:11.87	6	-1	1	0	0	0	0	0	0	0	0	0	0
19	2016-05-10 18:07:12.17	2016-05-10 18:07:12.29	6	-1	1	0	0	0	0	0	0	0	0	0	0
19	2016-05-10 18:07:12.87	2016-05-10 18:07:13.15	6	-1	1	0	0	0	0	0	0	0	0	0	0
19	2016-05-10 18:07:11.79	2016-05-10 18:07:13.56	5	1	0	0	0	0	0	0	0	0	0	0	0
19	2016-05-10 18:07:14.90	2016-05-10 18:07:15.01	5	1	0	0	0	0	0	0	0	0	0	0	0
19	2016-05-10 18:07:17.89	2016-05-10 18:07:18.04	5	1	0	0	0	0	0	0	0	0	0	0	0
19	2016-05-10 18:07:17.12	2016-05-10 18:07:18.25	6	-1	1	0	0	0	0	0	0	0	0	0	0
19	2016-05-10 18:07:18.42	2016-05-10 18:07:18.54	5	1	0	0	0	0	0	0	0	0	0	0	0
19	2016-05-10 18:07:19.15	2016-05-10 18:07:19.25	5	1	0	0	0	0	0	0	0	0	0	0	0
19	2016-05-10 18:07:18.95	2016-05-10 18:07:19.37	6	-1	1	0	0	0	0	0	0	0	0	0	0
19	2016-05-10 18:07:19.62	2016-05-10 18:07:19.65	6	-1	1	0	0	0	0	0	0	0	0	0	0
19	2016-05-10 18:07:19.42	2016-05-10 18:07:19.78	5	1	0	0	0	0	0	0	0	0	0	0	0
19	2016-05-10 18:07:21.29	2016-05-10 18:07:21.51	6	-1	1	0	0	0	0	0	0	0	0	0	0
19	2016-05-10 18:07:20.45	2016-05-10 18:07:21.73	5	1	0	0	0	0	0	0	0	0	0	0	0
19	2016-05-10 18:07:23.43	2016-05-10 18:07:23.45	6	-1	1	0	0	0	0	0	0	0	0	0	0
19	2016-05-10 18:07:23.78	2016-05-10 18:07:23.90	6	-1	1	0	0	0	0	0	0	0	0	0	0
19	2016-05-10 18:07:23.93	2016-05-10 18:07:23.98	6	-1	1	0	0	0	0	0	0	0	0	0	0
19	2016-05-10 18:07:24.76	2016-05-10 18:07:25.29	5	1	0	0	0	0	0	0	0	0	0	0	0
19	2016-05-10 18:07:25.43	2016-05-10 18:07:25.79	5	1	0	0	0	0	0	0	0	0	0	0	0
19	2016-05-10 18:07:25.90	2016-05-10 18:07:25.90	5	1	0	0	0	0	0	0	0	0	0	0	0
19	2016-05-10 18:07:26.48	2016-05-10 18:07:26.51	5	1	0	0	0	0	0	0	0	0	0	0	0
19	2016-05-10 18:07:25.21	2016-05-10 18:07:28.34	6	-1	1	0	0	0	0	0	0	0	0	0	0
19	2016-05-10 18:07:28.98	2016-05-10 18:07:29.32	6	-1	1	0	0	0	0	0	0	0	0	0	0
19	2016-05-10 18:07:29.48	2016-05-10 18:07:29.98	6	-1	1	0	0	0	0	0	0	0	0	0	0
19	2016-05-10 18:07:30.76	2016-05-10 18:07:32.37	6	-1	1	0	0	0	0	0	0	0	0	0	0
19	2016-05-10 18:07:32.46	2016-05-10 18:07:32.70	5	1	0	0	0	0	0	0	0	0	0	0	0
19	2016-05-10 18:07:32.75	2016-05-10 18:07:32.82	5	1	0	0	0	0	0	0	0	0	0	0	0
19	2016-05-10 18:07:32.85	2016-05-10 18:07:33.14	5	1	0	0	0	0	0	0	0	0	0	0	0
19	2016-05-10 18:07:42.71	2016-05-10 18:07:46.62	5	1	0	0	0	0	0	0	0	0	0	0	0
19	2016-05-10 18:07:48.65	2016-05-10 18:07:48.67	6	-1	1	0	0	0	0	0	0	0	0	0	0
19	2016-05-10 18:07:48.82	2016-05-10 18:07:49.12	6	-1	1	0	0	0	0	0	0	0	0	0	0
19	2016-05-10 18:07:49.81	2016-05-10 18:07:49.89	5	1	0	0	0	0	0	0	0	0	0	0	0
19	2016-05-10 18:07:50.00	2016-05-10 18:07:50.23	5	1	0	0	0	0	0	0	0	0	0	0	0
19	2016-05-10 18:07:50.76	2016-05-10 18:07:51.04	5	1	0	0	0	0	0	0	0	0	0	0	0
19	2016-05-10 18:07:49.59	2016-05-10 18:07:51.57	6	-1	1	0	0	0	0	0	0	0	0	0	0
19	2016-05-10 18:07:51.59	2016-05-10 18:07:54.48	6	-1	1	0	0	0	0	0	0	0	0	0	0
19	2016-05-10 18:07:54.56	2016-05-10 18:07:54.75	6	-1	1	0	0	0	0	0	0	0	0	0	0
19	2016-05-10 18:07:54.76	2016-05-10 18:07:54.81	6	-1	1	0	0	0	0	0	0	0	0	0	0
19	2016-05-10 18:07:56.09	2016-05-10 18:07:56.43	5	1	0	0	0	0	0	0	0	0	0	0	0
19	2016-05-10 18:07:57.10	2016-05-10 18:07:57.17	6	-1	1	0	0	0	0	0	0	0	0	0	0
19	2016-05-10 18:07:57.53	2016-05-10 18:07:57.65	6	-1	1	0	0	0	0	0	0	0	0	0	0
19	2016-05-10 18:07:57.71	2016-05-10 18:07:58.00	6	-1	1	0	0	0	0	0	0	0	0	0	0
19	2016-05-10 18:07:58.07	2016-05-10 18:07:58.15	6	-1	1	0	0	0	0	0	0	0	0	0	0
19	2016-05-10 18:07:57.56	2016-05-10 18:07:58.26	5	1	0	0	0	0	0	0	0	0	0	0	0
22	2016-05-10 18:07:58.76	2016-05-10 18:07:59.59	6	-1	1	0	0	0	0	0	0	0	0	0	0
22	2016-05-10 18:07:59.60	2016-05-10 18:07:59.68	6	-1	1	0	0	0	0	0	0	0	0	0	0
22	2016-05-10 18:07:59.79	2016-05-10 18:08:00.40	6	-1	1	0	0	0	0	0	0	0	0	0	0
22	2016-05-10 18:07:59.26	2016-05-10 18:08:00.48	5	1	0	0	0	0	0	0	0	0	0	0	0
22	2016-05-10 18:08:00.46	2016-05-10 18:08:00.48	6	-1	1	0	0	0	0	0	0	0	0	0	0
22	2016-05-10 18:08:00.50	2016-05-10 18:08:00.57	5	1	0	0	0	0	0	0	0	0	0	0	0
22	2016-05-10 18:08:00.56	2016-05-10 18:08:00.98	6	-1	1	0	0	0	0	0	0	0	0	0	0
22	2016-05-10 18:08:01.07	2016-05-10 18:08:01.10	6	-1	1	0	0	0	0	0	0	0	0	0	0
22	2016-05-10 18:08:01.20	2016-05-10 18:08:01.23	6	-1	1	0	0	0	0	0	0	0	0	0	0
22	2016-05-10 18:08:01.31	2016-05-10 18:08:01.43	6	-1	1	0	0	0	0	0	0	0	0	0	0
22	2016-05-10 18:08:02.53	2016-05-10 18:08:02.68	6	-1	1	0	0	0	0	0	0	0	0	0	0
22	2016-05-10 18:08:03.01	2016-05-10 18:08:03.03	5	1	0	0	0	0	0	0	0	0	0	0	0
22	2016-05-10 18:08:03.65	2016-05-10 18:08:03.68	6	-1	1	0	0	0	0	0	0	0	0	0	0
22	2016-05-10 18:08:06.98	2016-05-10 18:08:08.12	6	-1	1	0	0	0	0	0	0	0	0	0	0
22	2016-05-10 18:08:03.21	2016-05-10 18:08:08.34	5	1	0	0	0	0	0	0	0	0	0	0	0
25	2016-05-10 18:15:41.00	2016-05-10 18:15:42.29	5	1	0	0	0	0	0	0	0	0	0	0	0
27	2016-05-10 18:17:19.18	2016-05-10 18:17:19.18	5	1	0	0	0	0	0	0	0	0	0	0	0
27	2016-05-10 18:17:19.31	2016-05-10 18:17:20.00	6	-1	1	0	0	0	0	0	0	0	0	0	0
27	2016-05-10 18:17:19.56	2016-05-10 18:17:20.71	5	1	0	0	0	0	0	0	0	0	0	0	0
29	2016-05-10 18:18:17.45	2016-05-10 18:18:17.65	6	-1	1	0	0	0	0	0	0	0	0	0	0
29	2016-05-10 18:18:17.84	2016-05-10 18:18:18.00	6	-1	1	0	0	0	0	0	0	0	0	0	0
29	2016-05-10 18:18:18.12	2016-05-10 18:18:18.28	6	-1	1	0	0	0	0	0	0	0	0	0	0
29	2016-05-10 18:18:18.29	2016-05-10 18:18:19.00	6	-1	1	0	0	0	0	0	0	0	0	0	0
30	2016-05-10 18:18:20.45	2016-05-10 18:18:20.50	6	-1	1	0	0	0	0	0	0	0	0	0	0
30	2016-05-10 18:18:20.98	2016-05-10 18:18:21.03	5	1	0	0	0	0	0	0	0	0	0	0	0
32	2016-05-10 18:18:22.42	2016-05-10 18:18:23.06	5	1	0	0	0	0	0	0	0	0	0	0	0
32	2016-05-10 18:18:23.07	2016-05-10 18:18:23.20	6	-1	1	0	0	0	0	0	0	0	0	0	0
32	2016-05-10 18:18:23.26	2016-05-10 18:18:23.73	6	-1	1	0	0	0	0	0	0	0	0	0	0
32	2016-05-10 18:18:23.79	2016-05-10 18:18:23.85	6	-1	1	0	0	0	0	0	0	0	0	0	0
32	2016-05-10 18:18:26.62	2016-05-10 18:18:26.84	6	-1	1	0	0	0	0	0	0	0	0	0	0
34	2016-05-10 18:18:28.64	2016-05-10 18:18:29.43	6	-1	1	0	0	0	0	0	0	0	0	0	0
37	2016-05-10 18:18:35.28	2016-05-10 18:18:35.34	6	-1	1	0	0	0	0	0	0	0	0	0	0
37	2016-05-10 18:18:34.79	2016-05-10 18:18:35.42	5	1	0	0	0	0	0	0	0	0	0	0	0
38	2016-05-10 18:18:37.20	2016-05-10 18:18:37.26	5	1	0	0	0	0	0	0	0	0	0	0	0
38	2016-05-10 18:18:37.87	2016-05-10 18:18:37.87	5	1	0	0	0	0	0	0	0	0	0	0	0
38	2016-05-10 18:18:41.42	2016-05-10 18:18:41.67	5	1	0	0	0	0	0	0	0	0	0	0	0
38	2016-05-10 18:18:41.84	2016-05-10 18:18:41.95	5	1	0	0	0	0	0	0	0	0	0	0	0
38	2016-05-10 18:18:42.12	2016-05-10 18:18:42.39	5	1	0	0	0	0	0	0	0	0	0	0	0
38	2016-05-10 18:18:42.29	2016-05-10 18:18:43.70	6	-1	1	0	0	0	0	0	0	0	0	0	0
38	2016-05-10 18:18:43.50	2016-05-10 18:18:44.29	5	1	0	0	0	0	0	0	0	0	0	0	0
39	2016-05-10 18:19:26.90	2016-05-10 18:19:27.51	5	1	0	0	0	0	0	0	0	0	0	0	0
41	2016-05-10 18:20:39.42	2016-05-10 18:20:39.89	6	-1	1	0	0	0	0	0	0	0	0	0	0
41	2016-05-10 18:20:40.04	2016-05-10 18:20:40.07	6	-1	1	0	0	0	0	0	0	0	0	0	0
41	2016-05-10 18:20:40.43	2016-05-10 18:20:40.84	5	1	0	0	0	0	0	0	0	0	0	0	0
41	2016-05-10 18:20:51.21	2016-05-10 18:20:51.29	6	-1	1	0	0	0	0	0	0	0	0	0	0
42	2016-05-10 18:21:02.76	2016-05-10 18:21:03.15	5	1	0	0	0	0	0	0	0	0	0	0	0
42	2016-05-10 18:21:05.95	2016-05-10 18:21:05.96	5	1	0	0	0	0	0	0	0	0	0	0	0
42	2016-05-10 18:21:06.00	2016-05-10 18:21:08.82	5	1	0	0	0	0	0	0	0	0	0	0	0
42	2016-05-10 18:21:08.84	2016-05-10 18:21:09.31	5	1	0	0	0	0	0	0	0	0	0	0	0
42	2016-05-10 18:21:10.04	2016-05-10 18:21:10.26	6	-1	1	0	0	0	0	0	0	0	0	0	0
42	2016-05-10 18:21:09.34	2016-05-10 18:21:10.70	5	1	0	0	0	0	0	0	0	0	0	0	0
42	2016-05-10 18:21:10.54	2016-05-10 18:21:10.82	6	-1	1	0	0	0	0	0	0	0	0	0	0
42	2016-05-10 18:21:11.53	2016-05-10 18:21:11.57	5	1	0	0	0	0	0	0	0	0	0	0	0
42	2016-05-10 18:21:11.89	2016-05-10 18:21:12.03	5	1	0	0	0	0	0	0	0	0	0	0	0
42	2016-05-10 18:21:12.28	2016-05-10 18:21:12.31	5	1	0	0	0	0	0	0	0	0	0	0	0
42	2016-05-10 18:21:15.56	2016-05-10 18:21:16.73	5	1	0	0	0	0	0	0	0	0	0	0	0
42	2016-05-10 18:21:16.89	2016-05-10 18:21:18.23	5	1	0	0	0	0	0	0	0	0	0	0	0
42	2016-05-10 18:21:18.40	2016-05-10 18:21:21.87	5	1	0	0	0	0	0	0	0	0	0	0	0
42	2016-05-10 18:21:21.98	2016-05-10 18:21:23.73	5	1	0	0	0	0	0	0	0	0	0	0	0
42	2016-05-10 18:21:22.26	2016-05-10 18:21:23.89	6	-1	1	0	0	0	0	0	0	0	0	0	0
42	2016-05-10 18:21:24.04	2016-05-10 18:21:24.34	6	-1	1	0	0	0	0	0	0	0	0	0	0
42	2016-05-10 18:21:23.79	2016-05-10 18:21:25.17	5	1	0	0	0	0	0	0	0	0	0	0	0
42	2016-05-10 18:21:25.28	2016-05-10 18:21:25.29	5	1	0	0	0	0	0	0	0	0	0	0	0
42	2016-05-10 18:21:26.98	2016-05-10 18:21:27.65	6	-1	1	0	0	0	0	0	0	0	0	0	0
42	2016-05-10 18:21:27.71	2016-05-10 18:21:27.73	6	-1	1	0	0	0	0	0	0	0	0	0	0
42	2016-05-10 18:21:27.78	2016-05-10 18:21:27.85	6	-1	1	0	0	0	0	0	0	0	0	0	0
42	2016-05-10 18:21:27.98	2016-05-10 18:21:28.25	6	-1	1	0	0	0	0	0	0	0	0	0	0
42	2016-05-10 18:21:28.90	2016-05-10 18:21:30.79	6	-1	1	0	0	0	0	0	0	0	0	0	0
42	2016-05-10 18:21:52.67	2016-05-10 18:21:53.04	6	-1	1	0	0	0	0	0	0	0	0	0	0
42	2016-05-10 18:21:53.87	2016-05-10 18:21:54.62	6	-1	1	0	0	0	0	0	0	0	0	0	0
42	2016-05-10 18:21:54.68	2016-05-10 18:22:17.46	6	-1	1	0	0	0	0	0	0	0	0	0	0
42	2016-05-10 18:22:23.28	2016-05-10 18:22:23.53	6	-1	1	0	0	0	0	0	0	0	0	0	0
42	2016-05-10 18:22:23.56	2016-05-10 18:22:23.62	6	-1	1	0	0	0	0	0	0	0	0	0	0
42	2016-05-10 18:22:24.00	2016-05-10 18:22:24.07	6	-1	1	0	0	0	0	0	0	0	0	0	0
42	2016-05-10 18:22:24.23	2016-05-10 18:22:24.39	6	-1	1	0	0	0	0	0	0	0	0	0	0
42	2016-05-10 18:22:24.43	2016-05-10 18:22:24.48	6	-1	1	0	0	0	0	0	0	0	0	0	0
42	2016-05-10 18:22:24.51	2016-05-10 18:22:24.57	6	-1	1	0	0	0	0	0	0	0	0	0	0
42	2016-05-10 18:22:25.65	2016-05-10 18:22:25.96	6	-1	1	0	0	0	0	0	0	0	0	0	0
42	2016-05-10 18:21:28.73	2016-05-10 18:22:28.89	5	1	0	0	0	0	0	0	0	0	0	0	0
43	2016-05-10 18:22:44.89	2016-05-10 18:22:44.98	5	1	0	0	0	0	0	0	0	0	0	0	0
43	2016-05-10 18:22:44.95	2016-05-10 18:22:45.64	6	-1	1	0	0	0	0	0	0	0	0	0	0
43	2016-05-10 18:22:45.32	2016-05-10 18:22:46.35	5	1	0	0	0	0	0	0	0	0	0	0	0
43	2016-05-10 18:22:46.40	2016-05-10 18:22:46.45	5	1	0	0	0	0	0	0	0	0	0	0	0
44	2016-05-10 18:23:54.15	2016-05-10 18:23:54.90	5	1	0	0	0	0	0	0	0	0	0	0	0
44	2016-05-10 18:23:56.37	2016-05-10 18:23:56.67	5	1	0	0	0	0	0	0	0	0	0	0	0
44	2016-05-10 18:24:00.15	2016-05-10 18:24:00.76	6	-1	1	0	0	0	0	0	0	0	0	0	0
44	2016-05-10 18:24:01.37	2016-05-10 18:24:01.43	6	-1	1	0	0	0	0	0	0	0	0	0	0
46	2016-05-10 18:24:31.54	2016-05-10 18:24:33.70	5	1	0	0	0	0	0	0	0	0	0	0	0
46	2016-05-10 18:24:39.14	2016-05-10 18:24:40.01	5	1	0	0	0	0	0	0	0	0	0	0	0
49	2016-05-10 18:25:42.15	2016-05-10 18:25:43.12	5	1	0	0	0	0	0	0	0	0	0	0	0
50	2016-05-10 18:26:00.90	2016-05-10 18:26:02.04	5	1	0	0	0	0	0	0	0	0	0	0	0
51	2016-05-10 18:26:22.21	2016-05-10 18:26:22.92	5	1	0	0	0	0	0	0	0	0	0	0	0
51	2016-05-10 18:26:25.39	2016-05-10 18:26:25.67	6	-1	1	0	0	0	0	0	0	0	0	0	0
51	2016-05-10 18:26:25.37	2016-05-10 18:26:26.03	5	1	0	0	0	0	0	0	0	0	0	0	0
51	2016-05-10 18:26:25.79	2016-05-10 18:26:26.67	6	-1	1	0	0	0	0	0	0	0	0	0	0
52	2016-05-10 18:26:37.20	2016-05-10 18:26:38.18	5	1	0	0	0	0	0	0	0	0	0	0	0
52	2016-05-10 18:26:43.78	2016-05-10 18:26:43.82	5	1	0	0	0	0	0	0	0	0	0	0	0
53	2016-05-10 18:26:58.03	2016-05-10 18:26:58.59	5	1	0	0	0	0	0	0	0	0	0	0	0
53	2016-05-10 18:27:03.93	2016-05-10 18:27:04.84	5	1	0	0	0	0	0	0	0	0	0	0	0
58	2016-05-10 18:31:43.64	2016-05-10 18:31:44.37	5	1	0	0	0	0	0	0	0	0	0	0	0
59	2016-05-10 18:32:55.57	2016-05-10 18:32:56.04	5	1	0	0	0	0	0	0	0	0	0	0	0
61	2016-05-10 18:33:49.31	2016-05-10 18:33:49.37	5	1	0	0	0	0	0	0	0	0	0	0	0
61	2016-05-10 18:33:55.17	2016-05-10 18:33:55.21	6	-1	1	0	0	0	0	0	0	0	0	0	0
61	2016-05-10 18:33:56.78	2016-05-10 18:33:57.67	6	-1	1	0	0	0	0	0	0	0	0	0	0
61	2016-05-10 18:33:57.92	2016-05-10 18:33:58.57	5	1	0	0	0	0	0	0	0	0	0	0	0
62	2016-05-10 18:34:08.40	2016-05-10 18:34:08.85	5	1	0	0	0	0	0	0	0	0	0	0	0
64	2016-05-10 18:35:48.65	2016-05-10 18:35:49.31	6	-1	1	0	0	0	0	0	0	0	0	0	0
65	2016-05-10 18:36:47.51	2016-05-10 18:36:49.60	5	1	0	0	0	0	0	0	0	0	0	0	0
70	2016-05-10 19:19:51.28	2016-05-10 19:19:51.92	5	1	0	1	0	0	0	0	0	0	0	0	0
71	2016-05-10 19:39:23.00	2016-05-10 19:39:30.96	5	1	0	0	0	4	0.241	0.515625	0	0	0	0	0
72	2016-05-10 19:40:05.12	2016-05-10 19:40:06.31	5	1	0	1	0	0	0	0	0	0	0	0	0
73	2016-05-10 19:40:46.01	2016-05-10 19:40:54.45	5	1	0	0	0	9	0.218	0.90625	0	0	0	0	0
74	2016-05-10 19:41:28.48	2016-05-10 19:41:40.28	5	1	0	0	0	6	0.13	0.5625	0	0	0	0	0
75	2016-05-10 19:42:33.32	2016-05-10 19:42:48.42	5	1	0	0	0	11	0.261	0.984375	0	0	0	0	0
76	2016-05-10 19:47:31.62	2016-05-10 19:47:38.78	5	1	0	0	0	5	0.088	0.4375	0	0	0	0	0
77	2016-05-10 19:53:30.07	2016-05-10 19:53:36.37	5	1	0	0	0	3	0.073	0.28125	0	0	0	0	0
78	2016-05-10 19:53:42.07	2016-05-10 19:53:50.65	5	1	0	0	0	10	0.23	0.84375	0	0	0	0	0
79	2016-05-10 19:53:59.09	2016-05-10 19:54:11.09	5	1	0	0	0	6	0.117	0.578125	0	0	0	0	0
80	2016-05-10 19:54:16.84	2016-05-10 19:54:29.53	5	1	0	0	0	2	0.044	0.203125	0	0	0	0	0
81	2016-05-10 19:59:34.78	2016-05-10 19:59:39.45	5	1	0	0	0	5	0.285	0.65625	0	0	0	0	0
81	2016-05-10 19:59:39.53	2016-05-10 19:59:39.82	5	1	0	1	0	0	0	0	0	0	0	0	0
82	2016-05-10 20:01:26.46	2016-05-10 20:01:32.10	5	1	0	0	0	8	0.286	0.859375	0	0	0	0	0
83	2016-05-10 20:02:37.62	2016-05-10 20:02:37.95	5	1	0	1	0	0	0	0	0	0	0	0	0
84	2016-05-10 20:02:49.00	2016-05-10 20:02:57.28	5	1	0	0	0	11	0.482	1.171875	0	0	0	0	0
85	2016-05-10 20:03:02.56	2016-05-10 20:03:15.40	5	1	0	0	0	11	0.317	1.125	0	0	0	0	0
86	2016-05-10 20:03:30.56	2016-05-10 20:03:42.48	5	1	0	0	0	12	0.429	1.296875	0	0	0	0	0
87	2016-05-10 20:03:49.76	2016-05-10 20:04:00.79	5	1	0	0	0	16	0.57	1.609375	0	0	0	0	0
88	2016-05-10 20:04:06.76	2016-05-10 20:04:17.92	5	1	0	0	0	12	0.262	1.21875	0	0	0	0	0
89	2016-05-10 20:05:03.04	2016-05-10 20:05:11.14	5	1	0	0	0	13	0.359	1.125	0	0	0	0	0
90	2016-05-10 20:05:15.37	2016-05-10 20:05:25.96	5	1	0	0	0	15	0.458	1.453125	0	0	0	0	0
91	2016-05-10 20:05:31.60	2016-05-10 20:05:32.17	5	1	0	1	0	0	0	0	0	0	0	0	0
92	2016-05-10 20:05:59.15	2016-05-10 20:06:07.12	5	1	0	0	0	7	0.175	0.671875	0	0	0	0	0
93	2016-05-10 20:06:14.21	2016-05-10 20:06:23.20	5	1	0	0	0	14	0.387	1.375	0	0	0	0	0
93	2016-05-10 20:06:23.29	2016-05-10 20:06:24.68	5	1	0	1	0	0	0	0	0	0	0	0	0
94	2016-05-10 20:06:30.68	2016-05-10 20:06:41.34	5	1	0	0	0	6	0.104	0.5	0	0	0	0	0
95	2016-05-10 20:07:59.85	2016-05-10 20:08:09.78	5	1	0	0	0	11	0.262	1.0625	0	0	0	0	0
96	2016-05-10 20:08:18.98	2016-05-10 20:08:20.82	5	1	0	1	0	0	0	0	0	0	0	0	0
97	2016-05-10 20:18:47.73	2016-05-10 20:18:51.79	5	1	0	0	0	9	0.467	1.03125	0	0	0	0	0
99	2016-05-10 20:20:54.92	2016-05-10 20:21:00.75	5	1	0	0	0	12	0.512	1.359375	0	0	0	0	0
100	2016-05-10 20:23:12.25	2016-05-10 20:23:16.73	5	1	0	0	0	12	0.317	1.1875	0	0	0	0	0
100	2016-05-10 20:23:16.79	2016-05-10 20:23:18.39	5	1	0	1	0	1	0.071	0.15625	0	0	0	0	0
101	2016-05-10 20:28:58.54	2016-05-10 20:29:05.15	5	1	0	0	0	3	0.143	0.390625	0	0	0	0	0
102	2016-05-10 20:29:52.46	2016-05-10 20:29:59.68	5	1	0	0	0	4	0.144	0.4375	0	0	0	0	0
103	2016-05-10 20:30:08.84	2016-05-10 20:30:17.78	5	1	0	0	0	11	0.36	1.1875	0	0	0	0	0
104	2016-05-10 20:30:33.70	2016-05-10 20:30:41.73	5	1	0	0	0	5	0.096	0.46875	0	0	0	0	0
105	2016-05-10 20:30:49.26	2016-05-10 20:30:58.82	5	1	0	0	0	10	0.302	0.90625	0	0	0	0	0
106	2016-05-10 20:31:12.21	2016-05-10 20:31:24.31	5	1	0	0	0	7	0.133	0.703125	0	0	0	0	0
107	2016-05-10 20:31:34.60	2016-05-10 20:31:46.56	5	1	0	0	0	15	0.539	1.5625	0	0	0	0	0
108	2016-05-10 20:32:16.03	2016-05-10 20:32:23.48	5	1	0	0	0	10	0.372	1.09375	0	0	0	0	0
109	2016-05-10 20:32:32.40	2016-05-10 20:32:46.20	5	1	0	0	0	11	0.249	1.09375	0	0	0	0	0
110	2016-05-10 20:32:49.84	2016-05-10 20:32:50.53	5	1	0	1	0	0	0	0	0	0	0	0	0
111	2016-05-10 20:32:58.12	2016-05-10 20:33:09.21	5	1	0	0	0	9	0.358	0.984375	0	0	0	0	0
112	2016-05-10 20:34:21.70	2016-05-10 20:34:30.03	5	1	0	0	0	6	0.174	0.625	0	0	0	0	0
113	2016-05-10 20:34:40.81	2016-05-10 20:34:48.43	5	1	0	0	0	9	0.397	1.03125	0	0	0	0	0
114	2016-05-10 20:34:57.03	2016-05-10 20:35:04.20	5	1	0	0	0	3	0.073	0.3125	0	0	0	0	0
115	2016-05-10 20:35:12.07	2016-05-10 20:35:19.90	5	1	0	0	0	9	0.317	1	0	0	0	0	0
116	2016-05-10 20:36:18.10	2016-05-10 20:36:23.73	5	1	0	0	0	6	0.16	0.609375	0	0	0	0	0
117	2016-05-10 20:36:28.35	2016-05-10 20:36:29.09	5	1	0	1	0	0	0	0	0	0	0	0	0
118	2016-05-10 20:37:24.60	2016-05-10 20:37:35.79	5	1	0	0	0	12	0.361	1.203125	0	0	0	0	0
119	2016-05-10 20:38:15.04	2016-05-10 20:38:15.09	5	1	0	1	0	0	0	0	0	0	0	0	0
119	2016-05-10 20:38:15.15	2016-05-10 20:38:15.21	5	1	0	1	0	0	0	0	0	0	0	0	0
119	2016-05-10 20:38:16.31	2016-05-10 20:38:16.73	5	1	0	1	0	0	0	0	0	0	0	0	0
120	2016-05-10 20:38:24.42	2016-05-10 20:38:31.00	5	1	0	0	0	5	0.186	0.515625	0	0	0	0	0
121	2016-05-10 20:38:36.92	2016-05-10 20:38:48.70	5	1	0	0	0	7	0.216	0.71875	0	0	0	0	0
122	2016-05-10 20:38:55.46	2016-05-10 20:39:12.04	5	1	0	0	0	14	0.349	1.359375	0	0	0	0	0
122	2016-05-10 20:39:20.51	2016-05-10 20:39:21.15	5	1	0	1	0	0	0	0	0	0	0	0	0
123	2016-05-10 20:42:07.79	2016-05-10 20:42:13.39	5	1	0	0	0	8	0.357	0.984375	0	0	0	0	0
124	2016-05-10 20:42:17.42	2016-05-10 20:42:29.00	5	1	0	0	0	12	0.429	1.34375	0	0	0	0	0
125	2016-05-10 20:42:35.40	2016-05-10 20:42:48.34	5	1	0	0	0	12	0.373	1.234375	0	0	0	0	0
126	2016-05-10 20:42:56.32	2016-05-10 20:43:22.21	5	1	0	0	0	7	0.203	0.734375	0	0	0	0	0
127	2016-05-10 20:43:43.14	2016-05-10 20:44:07.07	5	1	0	0	0	12	0.497	1.296875	0	0	0	0	0
128	2016-05-10 20:44:14.25	2016-05-10 20:44:42.57	5	1	0	0	0	11	0.344	1.15625	0	0	0	0	0
129	2016-05-10 20:44:51.25	2016-05-10 20:45:21.31	5	1	0	0	0	9	0.162	0.8125	0	0	0	0	0
130	2016-05-10 20:45:35.78	2016-05-10 20:45:42.78	5	1	0	0	0	8	0.176	0.765625	0	0	0	0	0
131	2016-05-10 20:45:48.23	2016-05-10 20:45:58.85	5	1	0	0	0	4	0.13	0.421875	0	0	0	0	0
132	2016-05-10 20:46:11.84	2016-05-10 20:46:27.92	5	1	0	0	0	4	0.186	0.5	0	0	0	0	0
133	2016-05-10 20:46:32.81	2016-05-10 20:46:45.26	5	1	0	0	0	6	0.313	0.71875	0	0	0	0	0
134	2016-05-10 20:46:56.34	2016-05-10 20:47:12.25	5	1	0	0	0	16	0.503	1.59375	0	0	0	0	0
134	2016-05-10 20:47:21.40	2016-05-10 20:47:22.07	5	1	0	1	0	0	0	0	0	0	0	0	0
135	2016-05-10 20:47:29.12	2016-05-10 20:47:45.79	5	1	0	0	0	10	0.482	1.15625	0	0	0	0	0
137	2016-05-10 20:47:54.62	2016-05-10 20:47:54.64	5	1	0	1	0	0	0	0	0	0	0	0	0
137	2016-05-10 20:47:54.81	2016-05-10 20:47:54.95	5	1	0	1	0	0	0	0	0	0	0	0	0
137	2016-05-10 20:47:55.48	2016-05-10 20:47:55.85	5	1	0	1	0	0	0	0	0	0	0	0	0
138	2016-05-10 20:48:47.76	2016-05-10 20:48:54.93	5	1	0	0	0	6	0.495	0.921875	0	0	0	0	0
138	2016-05-10 20:49:03.81	2016-05-10 20:49:04.15	5	1	0	1	0	0	0	0	0	0	0	0	0
139	2016-05-10 20:50:29.71	2016-05-10 20:50:37.40	5	1	0	0	0	14	0.416	1.34375	0	0	0	0	0
139	2016-05-10 20:50:42.04	2016-05-10 20:50:42.10	5	1	0	1	0	0	0	0	0	0	0	0	0
140	2016-05-10 20:51:09.07	2016-05-10 20:51:14.64	5	1	0	0	0	9	0.232	0.84375	0	0	0	0	0
141	2016-05-10 20:51:20.51	2016-05-10 20:51:28.62	5	1	0	0	0	7	0.174	0.71875	0	0	0	0	0
142	2016-05-10 20:51:46.67	2016-05-10 20:51:50.78	5	1	0	0	0	15	0.789	1.703125	0	0	0	0	0
143	2016-05-10 20:51:55.53	2016-05-10 20:51:55.56	5	1	0	1	0	0	0	0	0	0	0	0	0
143	2016-05-10 20:51:56.32	2016-05-10 20:51:57.04	5	1	0	1	0	0	0	0	0	0	0	0	0
144	2016-05-10 20:52:06.81	2016-05-10 20:52:23.06	5	1	0	0	0	13	0.541	1.453125	0	0	0	0	0
145	2016-05-10 20:52:33.46	2016-05-10 20:52:55.98	5	1	0	0	0	13	0.318	1.125	0	0	0	0	0
146	2016-05-10 20:53:02.46	2016-05-10 20:53:17.17	5	1	0	0	0	15	0.472	1.59375	0	0	0	0	0
147	2016-05-10 20:53:21.26	2016-05-10 20:53:35.73	5	1	0	0	0	17	0.459	1.546875	0	0	0	0	0
148	2016-05-10 20:53:40.23	2016-05-10 20:53:48.67	5	1	0	0	0	15	0.475	1.46875	0	0	0	0	0
149	2016-05-10 20:53:55.17	2016-05-10 20:54:05.98	5	1	0	0	0	14	0.515	1.515625	0	0	0	0	0
150	2016-05-10 20:54:10.59	2016-05-10 20:54:11.06	5	1	0	1	0	0	0	0	0	0	0	0	0
151	2016-05-10 20:54:27.93	2016-05-10 20:54:34.93	5	1	0	0	0	13	0.389	1.390625	0	0	0	0	0
153	2016-05-10 20:54:45.10	2016-05-10 20:54:45.82	5	1	0	1	0	0	0	0	0	0	0	0	0
155	2016-05-10 20:55:07.54	2016-05-10 20:55:14.89	5	1	0	0	0	10	0.247	0.953125	0	0	0	0	0
156	2016-05-10 20:55:24.71	2016-05-10 20:55:34.59	5	1	0	0	0	12	0.268	1.140625	0	0	0	0	0
156	2016-05-10 20:55:39.89	2016-05-10 20:55:39.98	5	1	0	1	0	0	0	0	0	0	0	0	0
157	2016-05-10 20:55:46.59	2016-05-10 20:55:55.10	5	1	0	0	0	6	0.201	0.578125	0	0	0	0	0
158	2016-05-10 20:56:07.39	2016-05-10 20:56:13.93	5	1	0	0	0	9	0.148	0.78125	0	0	0	0	0
159	2016-05-10 20:56:24.39	2016-05-10 20:56:34.68	5	1	0	0	0	11	0.234	1.015625	0	0	0	0	0
160	2016-05-10 20:56:58.96	2016-05-10 20:57:06.75	5	1	0	0	0	7	0.385	0.90625	0	0	0	0	0
161	2016-05-10 20:57:58.31	2016-05-10 20:57:58.64	5	1	0	1	0	0	0	0	0	0	0	0	0
162	2016-05-10 20:58:03.15	2016-05-10 20:58:13.32	5	1	0	0	0	11	0.263	1.09375	0	0	0	0	0
163	2016-05-10 20:58:19.85	2016-05-10 20:58:19.98	5	1	0	0	0	0	0	0	0	0	0	0	0
163	2016-05-10 20:58:20.04	2016-05-10 20:58:28.10	5	1	0	0	0	4	0.13	0.46875	0	0	0	0	0
163	2016-05-10 20:58:37.87	2016-05-10 20:58:38.26	5	1	0	1	0	0	0	0	0	0	0	0	0
164	2016-05-10 20:58:43.78	2016-05-10 20:58:58.06	5	1	0	0	0	13	0.609	1.375	0	0	0	0	0
165	2016-05-10 20:59:03.59	2016-05-10 20:59:21.39	5	1	0	0	0	11	0.317	1.078125	0	0	0	0	0
166	2016-05-10 21:00:01.25	2016-05-10 21:00:08.81	5	1	0	0	0	17	0.913	1.875	0	0	0	0	0
167	2016-05-10 21:00:15.03	2016-05-10 21:00:22.00	5	1	0	0	0	15	0.697	1.6875	0	0	0	0	0
168	2016-05-10 21:00:28.28	2016-05-10 21:00:35.12	5	1	0	0	0	20	0.837	2.234375	0	0	0	0	0
169	2016-05-10 21:00:42.32	2016-05-10 21:00:47.93	5	1	0	0	0	11	0.304	1.15625	0	0	0	0	0
170	2016-05-10 21:00:56.09	2016-05-10 21:01:04.23	5	1	0	0	0	23	0.911	2.421875	0	0	0	0	0
171	2016-05-10 21:01:10.71	2016-05-10 21:01:17.90	5	1	0	0	0	9	0.413	0.984375	0	0	0	0	0
172	2016-05-10 21:01:23.54	2016-05-10 21:01:32.98	5	1	0	0	0	20	1.017	2.359375	0	0	0	0	0
173	2016-05-10 21:01:39.60	2016-05-10 21:01:52.53	5	1	0	0	0	19	0.491	1.8125	0	0	0	0	0
174	2016-05-10 21:01:56.78	2016-05-10 21:02:00.89	5	1	0	0	0	11	0.33	1.078125	0	0	0	0	0
175	2016-05-10 21:02:08.28	2016-05-10 21:02:14.92	5	1	0	0	0	8	0.288	0.875	0	0	0	0	0
175	2016-05-10 21:02:14.95	2016-05-10 21:02:14.96	5	1	0	1	0	0	0	0	0	0	0	0	0
176	2016-05-10 21:02:20.57	2016-05-10 21:02:20.87	5	1	0	1	0	0	0	0	0	0	0	0	0
177	2016-05-10 21:02:35.09	2016-05-10 21:02:42.15	5	1	0	0	0	13	0.43	1.28125	0	0	0	0	0
178	2016-05-10 21:02:47.17	2016-05-10 21:02:47.53	5	1	0	1	0	0	0	0	0	0	0	0	0
178	2016-05-10 21:02:47.59	2016-05-10 21:02:47.89	5	1	0	1	0	0	0	0	0	0	0	0	0
179	2016-05-10 21:02:58.82	2016-05-10 21:03:08.82	5	1	0	0	0	6	0.104	0.484375	0	0	0	0	0
180	2016-05-10 21:03:26.40	2016-05-10 21:03:26.48	5	1	0	1	0	0	0	0	0	0	0	0	0
180	2016-05-10 21:03:28.45	2016-05-10 21:03:28.67	5	1	0	1	0	0	0	0	0	0	0	0	0
181	2016-05-10 21:06:45.53	2016-05-10 21:07:06.79	5	1	0	0	0	17	0.737	1.84375	0	0	0	0	0
182	2016-05-10 21:07:21.98	2016-05-10 21:08:11.78	5	1	0	0	0	13	0.443	1.34375	0	0	0	0	0
183	2016-05-10 21:08:26.76	2016-05-10 21:08:45.28	5	1	0	0	0	14	0.418	1.40625	0	0	0	0	0
183	2016-05-10 21:08:45.48	2016-05-10 21:08:45.57	5	1	0	1	0	0	0	0	0	0	0	0	0
183	2016-05-10 21:08:45.60	2016-05-10 21:08:45.81	5	1	0	1	0	0	0	0	0	0	0	0	0
183	2016-05-10 21:08:46.15	2016-05-10 21:08:46.28	5	1	0	1	0	0	0	0	0	0	0	0	0
183	2016-05-10 21:08:46.85	2016-05-10 21:08:46.98	5	1	0	1	0	0	0	0	0	0	0	0	0
183	2016-05-10 21:08:47.01	2016-05-10 21:08:47.28	5	1	0	1	0	0	0	0	0	0	0	0	0
183	2016-05-10 21:08:47.57	2016-05-10 21:08:47.68	5	1	0	1	0	0	0	0	0	0	0	0	0
183	2016-05-10 21:08:48.78	2016-05-10 21:08:48.82	5	1	0	1	0	0	0	0	0	0	0	0	0
183	2016-05-10 21:08:49.15	2016-05-10 21:08:50.15	5	1	0	1	0	0	0	0	0	0	0	0	0
183	2016-05-10 21:08:50.37	2016-05-10 21:08:51.07	5	1	0	1	0	0	0	0	0	0	0	0	0
183	2016-05-10 21:08:51.23	2016-05-10 21:08:51.78	5	1	0	1	0	0	0	0	0	0	0	0	0
183	2016-05-10 21:08:51.90	2016-05-10 21:08:52.25	5	1	0	1	0	0	0	0	0	0	0	0	0
183	2016-05-10 21:08:52.32	2016-05-10 21:08:52.37	5	1	0	1	0	0	0	0	0	0	0	0	0
183	2016-05-10 21:08:52.62	2016-05-10 21:08:53.28	5	1	0	1	0	0	0	0	0	0	0	0	0
183	2016-05-10 21:08:53.32	2016-05-10 21:08:53.93	5	1	0	1	0	0	0	0	0	0	0	0	0
184	2016-05-10 21:08:59.28	2016-05-10 21:09:08.29	5	1	0	0	0	13	0.333	1.34375	0	0	0	0	0
184	2016-05-10 21:09:08.45	2016-05-10 21:09:27.51	5	1	0	1	0	0	0	0	0	0	0	0	0
184	2016-05-10 21:09:27.87	2016-05-10 21:09:28.12	5	1	0	1	0	0	0	0	0	0	0	0	0
184	2016-05-10 21:09:28.45	2016-05-10 21:09:29.67	5	1	0	1	0	0	0	0	0	0	0	0	0
184	2016-05-10 21:09:29.93	2016-05-10 21:09:33.39	5	1	0	1	0	0	0	0	0	0	0	0	0
185	2016-05-10 21:09:40.10	2016-05-10 21:09:47.43	5	1	0	0	0	12	0.318	1.15625	0	0	0	0	0
186	2016-05-10 21:09:55.28	2016-05-10 21:10:04.35	5	1	0	0	0	11	0.277	1.09375	0	0	0	0	0
187	2016-05-10 21:10:10.50	2016-05-10 21:10:22.18	5	1	0	0	0	8	0.232	0.8125	0	0	0	0	0
188	2016-05-10 21:10:27.68	2016-05-10 21:10:59.35	5	1	0	0	0	15	0.43	1.421875	0	0	0	0	0
189	2016-05-10 21:11:07.17	2016-05-10 21:11:25.34	5	1	0	0	0	11	0.373	1.1875	0	0	0	0	0
190	2016-05-10 21:11:29.84	2016-05-10 21:11:36.14	5	1	0	0	0	6	0.16	0.59375	0	0	0	0	0
191	2016-05-10 21:11:43.15	2016-05-10 21:11:54.45	5	1	0	0	0	16	0.791	1.859375	0	0	0	0	0
192	2016-05-10 21:11:58.21	2016-05-10 21:12:05.21	5	1	0	0	0	14	0.279	1.21875	0	0	0	0	0
193	2016-05-10 21:12:09.95	2016-05-10 21:12:15.70	5	1	0	0	0	6	0.284	0.640625	0	0	0	0	0
194	2016-05-10 21:12:22.95	2016-05-10 21:12:29.73	5	1	0	0	0	17	0.57	1.5625	0	0	0	0	0
195	2016-05-10 21:12:34.42	2016-05-10 21:12:35.03	5	1	0	1	0	0	0	0	0	0	0	0	0
196	2016-05-10 21:12:42.59	2016-05-10 21:12:52.48	5	1	0	0	0	7	0.217	0.734375	0	0	0	0	0
197	2016-05-10 21:13:01.43	2016-05-10 21:13:08.96	5	1	0	0	0	4	0.116	0.421875	0	0	0	0	0
198	2016-05-10 21:13:17.84	2016-05-10 21:13:26.79	5	1	0	0	0	5	0.117	0.484375	0	0	0	0	0
199	2016-05-10 21:14:14.43	2016-05-10 21:14:21.10	5	1	0	0	0	10	0.247	0.984375	0	0	0	0	0
200	2016-05-10 21:15:10.82	2016-05-10 21:15:18.42	5	1	0	0	0	7	0.313	0.859375	0	0	0	0	0
201	2016-05-10 21:15:25.45	2016-05-10 21:15:34.54	5	1	0	0	0	10	0.219	0.984375	0	0	0	0	0
202	2016-05-10 21:16:10.50	2016-05-10 21:16:17.28	5	1	0	0	0	9	0.275	1	0	0	0	0	0
203	2016-05-10 21:16:55.96	2016-05-10 21:17:02.07	5	1	0	0	0	9	0.191	0.84375	0	0	0	0	0
204	2016-05-10 21:17:06.93	2016-05-10 21:17:07.54	5	1	0	1	0	0	0	0	0	0	0	0	0
206	2016-05-10 21:17:19.51	2016-05-10 21:17:38.50	5	1	0	0	0	14	0.681	1.671875	0	0	0	0	0
207	2016-05-10 21:17:51.04	2016-05-10 21:18:08.90	5	1	0	0	0	15	0.583	1.59375	0	0	0	0	0
208	2016-05-10 21:18:15.04	2016-05-10 21:18:34.85	5	1	0	0	0	7	0.188	0.71875	0	0	0	0	0
209	2016-05-10 21:18:41.62	2016-05-10 21:19:13.84	5	1	0	0	0	7	0.175	0.671875	0	0	0	0	0
210	2016-05-10 21:19:21.07	2016-05-10 21:19:43.40	5	1	0	0	0	16	0.543	1.71875	0	0	0	0	0
211	2016-05-10 21:19:49.71	2016-05-10 21:20:17.43	5	1	0	0	0	13	0.457	1.375	0	0	0	0	0
212	2016-05-10 21:20:22.23	2016-05-10 21:20:31.68	5	1	0	0	0	10	0.371	0.984375	0	0	0	0	0
213	2016-05-10 21:21:00.31	2016-05-10 21:21:10.70	5	1	0	0	0	10	0.304	1.109375	0	0	0	0	0
214	2016-05-10 21:22:20.65	2016-05-10 21:22:21.10	5	1	0	1	0	0	0	0	0	0	0	0	0
215	2016-05-10 21:22:33.15	2016-05-10 21:22:37.81	5	1	0	0	0	5	0.159	0.53125	0	0	0	0	0
216	2016-05-10 21:28:20.82	2016-05-10 21:28:27.26	5	1	0	0	0	14	0.516	1.484375	0	0	0	0	0
217	2016-05-10 21:30:51.01	2016-05-10 21:30:58.73	5	1	0	0	0	15	0.638	1.640625	0	0	0	0	0
218	2016-05-10 21:31:04.42	2016-05-10 21:31:10.12	5	1	0	0	0	16	0.789	1.828125	0	0	0	0	0
219	2016-05-10 21:31:13.82	2016-05-10 21:31:20.17	5	1	0	0	0	11	0.414	1.171875	0	0	0	0	0
220	2016-05-10 21:31:42.10	2016-05-10 21:31:48.87	5	1	0	0	0	10	0.33	1.03125	0	0	0	0	0
221	2016-05-10 21:32:17.84	2016-05-10 21:32:27.57	5	1	0	0	0	6	0.132	0.5625	0	0	0	0	0
222	2016-05-10 21:32:37.26	2016-05-10 21:32:47.53	5	1	0	0	0	11	0.164	0.921875	0	0	0	0	0
223	2016-05-10 21:32:54.90	2016-05-10 21:33:09.65	5	1	0	0	0	10	0.29	1.015625	0	0	0	0	0
224	2016-05-10 21:33:16.25	2016-05-10 21:33:31.01	5	1	0	0	0	8	0.273	0.828125	0	0	0	0	0
225	2016-05-10 21:33:39.23	2016-05-10 21:33:53.64	5	1	0	0	0	8	0.314	0.875	0	0	0	0	0
226	2016-05-10 21:34:51.28	2016-05-10 21:34:59.93	5	1	0	0	0	9	0.204	0.828125	0	0	0	0	0
227	2016-05-10 21:35:09.31	2016-05-10 21:35:10.12	5	1	0	1	0	0	0	0	0	0	0	0	0
227	2016-05-10 21:35:10.35	2016-05-10 21:35:10.43	5	1	0	1	0	0	0	0	0	0	0	0	0
229	2016-05-10 21:36:27.23	2016-05-10 21:36:31.31	5	1	0	0	0	11	0.427	1.109375	0	0	0	0	0
230	2016-05-10 21:36:34.85	2016-05-10 21:36:35.00	5	1	0	1	0	0	0	0	0	0	0	0	0
231	2016-05-10 21:40:00.75	2016-05-10 21:40:07.82	5	1	0	0	0	8	0.202	0.75	0	0	0	0	0
232	2016-05-10 21:40:14.68	2016-05-10 21:40:25.57	5	1	0	0	0	11	0.315	1.109375	0	0	0	0	0
233	2016-05-10 21:40:31.89	2016-05-10 21:40:51.29	5	1	0	0	0	9	0.218	0.890625	0	0	0	0	0
233	2016-05-10 21:40:51.32	2016-05-10 21:40:51.62	5	1	0	1	0	0	0	0	0	0	0	0	0
234	2016-05-10 21:41:00.53	2016-05-10 21:41:15.67	5	1	0	0	0	11	0.26	1.0625	0	0	0	0	0
235	2016-05-10 21:41:22.01	2016-05-10 21:41:37.29	5	1	0	0	0	5	0.117	0.46875	0	0	0	0	0
236	2016-05-10 21:42:05.21	2016-05-10 21:42:13.32	5	1	0	0	0	16	0.334	1.5	0	0	0	0	0
237	2016-05-10 21:42:18.32	2016-05-10 21:42:32.39	5	1	0	0	0	13	0.361	1.28125	0	0	0	0	0
238	2016-05-10 21:42:51.48	2016-05-10 21:43:02.14	5	1	0	0	0	9	0.204	0.890625	0	0	0	0	0
239	2016-05-10 21:43:22.54	2016-05-10 21:43:32.62	5	1	0	0	0	5	0.172	0.53125	0	0	0	0	0
240	2016-05-10 21:43:43.03	2016-05-10 21:43:50.96	5	1	0	0	0	28	1.068	2.546875	0	0	0	0	0
241	2016-05-10 21:44:56.12	2016-05-10 21:45:02.71	5	1	0	0	0	12	0.584	1.4375	0	0	0	0	0
242	2016-05-10 21:45:07.09	2016-05-10 21:45:12.25	5	1	0	0	0	7	0.146	0.625	0	0	0	0	0
243	2016-05-10 21:45:19.57	2016-05-10 21:45:25.81	5	1	0	0	0	7	0.172	0.609375	0	0	0	0	0
244	2016-05-10 21:45:30.45	2016-05-10 21:45:35.46	5	1	0	0	0	9	0.594	1.15625	0	0	0	0	0
245	2016-05-10 21:45:40.59	2016-05-10 21:45:46.96	5	1	0	0	0	9	0.204	0.890625	0	0	0	0	0
245	2016-05-10 21:45:59.89	2016-05-10 21:46:00.26	5	1	0	1	0	0	0	0	0	0	0	0	0
245	2016-05-10 21:46:06.78	2016-05-10 21:46:07.01	5	1	0	1	0	0	0	0	0	0	0	0	0
245	2016-05-10 21:46:09.01	2016-05-10 21:46:09.65	5	1	0	1	0	0	0	0	0	0	0	0	0
246	2016-05-10 21:46:16.37	2016-05-10 21:46:23.95	5	1	0	0	0	11	0.291	1.078125	0	0	0	0	0
247	2016-05-10 21:46:30.26	2016-05-10 21:46:37.51	5	1	0	0	0	14	0.402	1.296875	0	0	0	0	0
248	2016-05-10 21:46:42.71	2016-05-10 21:46:50.54	5	1	0	0	0	15	0.503	1.640625	0	0	0	0	0
249	2016-05-10 21:46:56.06	2016-05-10 21:47:06.62	5	1	0	0	0	13	0.404	1.359375	0	0	0	0	0
250	2016-05-10 21:47:11.62	2016-05-10 21:47:25.15	5	1	0	0	0	15	0.389	1.578125	0	0	0	0	0
251	2016-05-10 21:47:32.15	2016-05-10 21:47:38.28	5	1	0	0	0	13	0.362	1.3125	0	0	0	0	0
251	2016-05-10 21:47:38.29	2016-05-10 21:47:38.32	5	1	0	1	0	0	0	0	0	0	0	0	0
252	2016-05-10 21:47:44.45	2016-05-10 21:47:52.46	5	1	0	0	0	9	0.525	1.109375	0	0	0	0	0
253	2016-05-10 21:47:59.60	2016-05-10 21:48:05.29	5	1	0	0	0	11	0.276	1.046875	0	0	0	0	0
254	2016-05-10 21:48:09.43	2016-05-10 21:48:15.82	5	1	0	0	0	11	0.304	1.140625	0	0	0	0	0
255	2016-05-10 21:48:21.84	2016-05-10 21:48:31.68	5	1	0	0	0	7	0.189	0.6875	0	0	0	0	0
256	2016-05-10 21:49:01.14	2016-05-10 21:49:10.31	5	1	0	0	0	21	0.809	2.09375	0	0	0	0	0
257	2016-05-10 21:49:16.06	2016-05-10 21:49:22.90	5	1	0	0	0	12	0.36	1.25	0	0	0	0	0
258	2016-05-10 21:49:28.17	2016-05-10 21:49:34.31	5	1	0	0	0	11	0.428	1.125	0	0	0	0	0
259	2016-05-10 21:49:39.65	2016-05-10 21:49:46.67	5	1	0	0	0	15	0.335	1.375	0	0	0	0	0
260	2016-05-10 21:49:53.15	2016-05-10 21:50:07.51	5	1	0	0	0	13	0.29	1.140625	0	0	0	0	0
261	2016-05-10 21:50:12.71	2016-05-10 21:50:19.37	5	1	0	0	0	9	0.23	0.90625	0	0	0	0	0
262	2016-05-10 21:50:25.01	2016-05-10 21:50:38.37	5	1	0	0	0	15	0.472	1.53125	0	0	0	0	0
263	2016-05-10 21:50:47.50	2016-05-10 21:50:54.07	5	1	0	0	0	15	0.388	1.421875	0	0	0	0	0
264	2016-05-10 21:51:00.35	2016-05-10 21:51:15.10	5	1	0	0	0	12	1.1	1.796875	0	0	0	0	0
265	2016-05-10 21:51:22.89	2016-05-10 21:51:23.39	5	1	0	1	0	0	0	0	0	0	0	0	0
266	2016-05-10 21:51:42.68	2016-05-10 21:51:42.76	5	1	0	1	0	0	0	0	0	0	0	0	0
267	2016-05-10 21:51:54.76	2016-05-10 21:52:04.06	5	1	0	0	0	11	0.333	1.140625	0	0	0	0	0
268	2016-05-10 21:52:15.45	2016-05-10 21:52:24.95	5	1	0	0	0	19	0.406	1.6875	0	0	0	0	0
268	2016-05-10 21:52:36.89	2016-05-10 21:52:37.34	6	-1	1	0	0	0	0	0	0	0	0	0	0
268	2016-05-10 21:52:42.75	2016-05-10 21:52:43.18	5	1	0	1	0	0	0	0	0	0	0	0	0
269	2016-05-10 21:52:51.85	2016-05-10 21:53:10.85	5	1	0	0	0	20	0.446	1.6875	0	0	0	0	0
270	2016-05-10 21:53:45.96	2016-05-10 21:53:56.62	5	1	0	0	0	23	0.892	2.3125	0	0	0	0	0
271	2016-05-10 21:54:03.82	2016-05-10 21:54:34.93	5	1	0	0	0	15	0.418	1.375	0	0	0	0	0
272	2016-05-10 21:54:43.56	2016-05-10 21:54:57.23	5	1	0	0	0	16	0.361	1.375	0	0	0	0	0
273	2016-05-10 21:55:01.75	2016-05-10 21:55:18.01	5	1	0	0	0	19	0.437	1.78125	0	0	0	0	0
274	2016-05-10 21:55:23.67	2016-05-10 21:55:37.42	5	1	0	0	0	11	0.289	1.03125	0	0	0	0	0
275	2016-05-10 21:55:41.76	2016-05-10 21:55:50.76	5	1	0	0	0	17	0.532	1.75	0	0	0	0	0
276	2016-05-10 21:55:55.21	2016-05-10 21:56:17.89	5	1	0	0	0	6	0.215	0.640625	0	0	0	0	0
277	2016-05-10 21:56:25.56	2016-05-10 21:56:30.78	5	1	0	0	0	20	0.739	2.078125	0	0	0	0	0
278	2016-05-10 21:56:37.04	2016-05-10 21:56:37.96	5	1	0	1	0	0	0	0	0	0	0	0	0
279	2016-05-10 21:56:44.84	2016-05-10 21:56:58.37	5	1	0	0	0	11	0.289	1.109375	0	0	0	0	0
280	2016-05-10 21:57:09.87	2016-05-10 21:57:09.92	5	1	0	1	0	0	0	0	0	0	0	0	0
282	2016-05-10 21:57:37.10	2016-05-10 21:57:43.73	5	1	0	0	0	21	0.769	2.03125	0	0	0	0	0
283	2016-05-10 21:57:51.50	2016-05-10 21:58:08.96	5	1	0	0	0	19	0.888	1.984375	0	0	0	0	0
284	2016-05-10 21:58:14.48	2016-05-10 21:58:21.78	5	1	0	0	0	18	0.777	2	0	0	0	0	0
285	2016-05-10 21:58:27.64	2016-05-10 21:58:33.84	5	1	0	0	0	15	0.521	1.625	0	0	0	0	0
286	2016-05-10 21:58:38.59	2016-05-10 21:58:43.32	5	1	0	0	0	21	0.741	1.921875	0	0	0	0	0
287	2016-05-10 21:58:48.37	2016-05-10 21:58:56.04	5	1	0	0	0	14	0.461	1.5	0	0	0	0	0
288	2016-05-10 21:59:00.37	2016-05-10 21:59:12.73	5	1	0	0	0	11	0.332	1.0625	0	0	0	0	0
289	2016-05-10 21:59:17.62	2016-05-10 21:59:22.93	5	1	0	0	0	9	0.329	0.96875	0	0	0	0	0
290	2016-05-10 21:59:27.07	2016-05-10 21:59:34.25	5	1	0	0	0	15	0.597	1.609375	0	0	0	0	0
291	2016-05-10 21:59:40.48	2016-05-10 21:59:44.53	5	1	0	0	0	5	0.158	0.53125	0	0	0	0	0
291	2016-05-10 21:59:44.57	2016-05-10 21:59:45.35	5	1	0	1	0	0	0	0	0	0	0	0	0
292	2016-05-10 21:59:49.93	2016-05-10 21:59:57.42	5	1	0	0	0	15	0.292	1.3125	0	0	0	0	0
293	2016-05-10 22:00:03.93	2016-05-10 22:00:07.60	5	1	0	0	0	9	0.259	0.890625	0	0	0	0	0
294	2016-05-10 22:00:16.21	2016-05-10 22:00:23.26	5	1	0	0	0	12	0.29	1.078125	0	0	0	0	0
295	2016-05-10 22:00:28.32	2016-05-10 22:00:28.59	5	1	0	1	0	0	0	0	0	0	0	0	0
295	2016-05-10 22:00:30.37	2016-05-10 22:00:30.50	5	1	0	1	0	0	0	0	0	0	0	0	0
296	2016-05-10 22:00:36.12	2016-05-10 22:00:36.73	5	1	0	1	0	0	0	0	0	0	0	0	0
297	2016-05-10 22:00:43.81	2016-05-10 22:00:50.18	5	1	0	0	0	15	0.584	1.609375	0	0	0	0	0
299	2016-05-10 22:01:06.51	2016-05-10 22:01:13.46	5	1	0	0	0	12	0.414	1.28125	0	0	0	0	0
300	2016-05-10 22:01:19.89	2016-05-10 22:01:23.46	5	1	0	0	0	11	0.456	1.140625	0	0	0	0	0
301	2016-05-10 22:01:37.40	2016-05-10 22:01:42.71	5	1	0	0	0	17	0.655	1.796875	0	0	0	0	0
301	2016-05-10 22:01:42.73	2016-05-10 22:01:43.20	5	1	0	1	0	0	0	0	0	0	0	0	0
302	2016-05-10 22:01:50.28	2016-05-10 22:01:50.81	5	1	0	1	0	0	0	0	0	0	0	0	0
303	2016-05-10 22:01:57.71	2016-05-10 22:02:04.20	5	1	0	0	0	9	0.259	0.890625	0	0	0	0	0
304	2016-05-10 22:02:10.40	2016-05-10 22:02:15.92	5	1	0	0	0	3	0.101	0.328125	0	0	0	0	0
304	2016-05-10 22:02:15.95	2016-05-10 22:02:16.03	5	1	0	1	0	0	0	0	0	0	0	0	0
305	2016-05-10 22:02:24.07	2016-05-10 22:02:34.01	5	1	0	0	0	14	0.375	1.34375	0	0	0	0	0
306	2016-05-10 22:02:54.09	2016-05-10 22:03:00.29	5	1	0	0	0	13	0.32	1.34375	0	0	0	0	0
307	2016-05-10 22:03:05.70	2016-05-10 22:03:13.09	5	1	0	0	0	6	0.201	0.609375	0	0	0	0	0
308	2016-05-10 22:03:18.01	2016-05-10 22:03:24.42	5	1	0	0	0	13	0.573	1.53125	0	0	0	0	0
309	2016-05-10 22:05:01.32	2016-05-10 22:05:12.28	5	1	0	0	0	14	0.456	1.34375	0	0	0	0	0
311	2016-05-10 22:05:24.73	2016-05-10 22:05:36.18	5	1	0	0	0	9	0.232	0.859375	0	0	0	0	0
313	2016-05-10 22:05:46.53	2016-05-10 22:06:05.25	5	1	0	0	0	6	0.118	0.59375	0	0	0	0	0
314	2016-05-10 22:06:14.20	2016-05-10 22:06:14.23	5	1	0	1	0	0	0	0	0	0	0	0	0
314	2016-05-10 22:06:17.07	2016-05-10 22:06:17.53	5	1	0	1	0	0	0	0	0	0	0	0	0
315	2016-05-10 22:06:45.48	2016-05-10 22:06:46.25	5	1	0	1	0	0	0	0	0	0	0	0	0
315	2016-05-10 22:06:48.14	2016-05-10 22:06:48.79	6	-1	1	1	0	0	0	0	0	0	0	0	0
315	2016-05-10 22:06:48.81	2016-05-10 22:06:48.84	6	-1	1	1	0	0	0	0	0	0	0	0	0
315	2016-05-10 22:06:48.56	2016-05-10 22:06:49.48	5	1	0	1	0	0	0	0	0	0	0	0	0
315	2016-05-10 22:06:49.57	2016-05-10 22:06:50.59	5	1	0	1	0	0	0	0	0	0	0	0	0
316	2016-05-10 22:07:17.65	2016-05-10 22:07:32.64	5	1	0	0	0	24	0.924	2.53125	0	0	0	0	0
317	2016-05-10 22:07:45.78	2016-05-10 22:07:54.06	5	1	0	0	0	12	0.304	1.125	0	0	0	0	0
318	2016-05-10 22:07:59.96	2016-05-10 22:08:08.04	5	1	0	0	0	28	0.841	2.5	0	0	0	0	0
319	2016-05-10 22:08:14.48	2016-05-10 22:08:15.26	5	1	0	1	0	0	0	0	0	0	0	0	0
320	2016-05-10 22:08:26.76	2016-05-10 22:08:43.70	5	1	0	0	0	21	0.656	2.0625	0	0	0	0	0
321	2016-05-10 22:08:48.46	2016-05-10 22:08:49.95	5	1	0	1	0	0	0	0	0	0	0	0	0
322	2016-05-10 22:09:02.96	2016-05-10 22:09:20.43	5	1	0	0	0	19	0.668	1.9375	0	0	0	0	0
323	2016-05-10 22:09:26.01	2016-05-10 22:09:26.46	5	1	0	1	0	0	0	0	0	0	0	0	0
323	2016-05-10 22:09:33.53	2016-05-10 22:09:33.93	5	1	0	1	0	0	0	0	0	0	0	0	0
323	2016-05-10 22:09:34.45	2016-05-10 22:09:35.23	5	1	0	1	0	0	0	0	0	0	0	0	0
325	2016-05-10 22:10:37.90	2016-05-10 22:10:38.50	5	1	0	1	0	0	0	0	0	0	0	0	0
325	2016-05-10 22:10:57.10	2016-05-10 22:10:57.67	5	1	0	1	0	0	0	0	0	0	0	0	0
325	2016-05-10 22:10:58.65	2016-05-10 22:10:59.06	5	1	0	1	0	0	0	0	0	0	0	0	0
325	2016-05-10 22:11:06.00	2016-05-10 22:11:06.09	5	1	0	1	0	0	0	0	0	0	0	0	0
325	2016-05-10 22:11:20.25	2016-05-10 22:11:21.79	6	-1	1	1	0	0	0	0	0	0	0	0	0
326	2016-05-10 22:11:37.12	2016-05-10 22:11:38.06	5	1	0	1	0	0	0	0	0	0	0	0	0
328	2016-05-10 22:13:11.87	2016-05-10 22:13:11.90	5	1	0	0	0	0	0	0	0	0	0	0	0
328	2016-05-10 22:13:11.93	2016-05-10 22:13:11.95	5	1	0	0	0	0	0	0	0	0	0	0	0
328	2016-05-10 22:13:11.96	2016-05-10 22:13:23.75	5	1	0	0	0	19	0.503	1.71875	0	0	0	0	0
329	2016-05-10 22:13:32.92	2016-05-10 22:13:50.90	5	1	0	0	0	17	0.793	1.875	0	0	0	0	0
330	2016-05-10 22:13:54.42	2016-05-10 22:13:59.67	5	1	0	0	0	5	0.075	0.453125	0	0	0	0	0
331	2016-05-10 22:14:08.42	2016-05-10 22:14:21.92	5	1	0	0	0	13	0.401	1.3125	0	0	0	0	0
332	2016-05-10 22:14:27.48	2016-05-10 22:14:52.76	5	1	0	0	0	25	1.047	2.515625	0	0	0	0	0
332	2016-05-10 22:14:59.32	2016-05-10 22:14:59.78	5	1	0	1	0	0	0	0	0	0	0	0	0
332	2016-05-10 22:15:11.79	2016-05-10 22:15:12.21	5	1	0	1	0	0	0	0	0	0	0	0	0
332	2016-05-10 22:15:24.53	2016-05-10 22:15:24.54	6	-1	1	1	0	0	0	0	0	0	0	0	0
332	2016-05-10 22:15:24.62	2016-05-10 22:15:24.65	6	-1	1	1	0	0	0	0	0	0	0	0	0
332	2016-05-10 22:15:28.20	2016-05-10 22:15:28.23	6	-1	1	1	0	0	0	0	0	0	0	0	0
332	2016-05-10 22:15:28.26	2016-05-10 22:15:28.32	6	-1	1	1	0	0	0	0	0	0	0	0	0
332	2016-05-10 22:15:28.35	2016-05-10 22:15:28.54	6	-1	1	1	0	0	0	0	0	0	0	0	0
332	2016-05-10 22:15:33.96	2016-05-10 22:15:34.00	6	-1	1	1	0	0	0	0	0	0	0	0	0
332	2016-05-10 22:15:34.18	2016-05-10 22:15:34.23	6	-1	1	1	0	0	0	0	0	0	0	0	0
332	2016-05-10 22:15:34.92	2016-05-10 22:15:34.95	6	-1	1	1	0	0	0	0	0	0	0	0	0
332	2016-05-10 22:15:35.00	2016-05-10 22:15:35.17	6	-1	1	1	0	0	0	0	0	0	0	0	0
332	2016-05-10 22:15:35.25	2016-05-10 22:15:35.31	6	-1	1	1	0	0	0	0	0	0	0	0	0
332	2016-05-10 22:15:37.23	2016-05-10 22:15:37.25	6	-1	1	1	0	0	0	0	0	0	0	0	0
332	2016-05-10 22:15:37.28	2016-05-10 22:15:37.57	6	-1	1	1	0	0	0	0	0	0	0	0	0
332	2016-05-10 22:15:37.67	2016-05-10 22:15:37.71	6	-1	1	1	0	0	0	0	0	0	0	0	0
332	2016-05-10 22:15:39.54	2016-05-10 22:15:39.60	6	-1	1	1	0	0	0	0	0	0	0	0	0
332	2016-05-10 22:15:39.87	2016-05-10 22:15:40.17	6	-1	1	1	0	0	0	0	0	0	0	0	0
334	2016-05-10 22:16:22.34	2016-05-10 22:16:44.78	5	1	0	0	0	18	0.531	1.828125	0	0	0	0	0
334	2016-05-10 22:16:46.39	2016-05-10 22:16:46.59	5	1	0	1	0	0	0	0	0	0	0	0	0
335	2016-05-10 22:16:48.84	2016-05-10 22:16:50.28	5	1	0	1	0	0	0	0	0	0	0	0	0
335	2016-05-10 22:16:50.59	2016-05-10 22:16:51.50	6	-1	1	1	0	0	0	0	0	0	0	0	0
335	2016-05-10 22:16:50.98	2016-05-10 22:16:52.93	5	1	0	1	0	0	0	0	0	0	0	0	0
335	2016-05-10 22:17:37.59	2016-05-10 22:17:37.71	5	1	0	1	0	0	0	0	0	0	0	0	0
335	2016-05-10 22:17:56.96	2016-05-10 22:17:57.50	5	1	0	1	0	0	0	0	0	0	0	0	0
335	2016-05-10 22:18:17.57	2016-05-10 22:18:17.87	6	-1	1	1	0	0	0	0	0	0	0	0	0
335	2016-05-10 22:18:18.65	2016-05-10 22:18:18.75	6	-1	1	1	0	0	0	0	0	0	0	0	0
335	2016-05-10 22:18:23.34	2016-05-10 22:18:24.34	5	1	0	1	0	0	0	0	0	0	0	0	0
335	2016-05-10 22:18:25.92	2016-05-10 22:18:25.98	6	-1	1	1	0	0	0	0	0	0	0	0	0
335	2016-05-10 22:18:26.03	2016-05-10 22:18:26.78	6	-1	1	1	0	0	0	0	0	0	0	0	0
335	2016-05-10 22:18:26.43	2016-05-10 22:18:27.67	5	1	0	1	0	0	0	0	0	0	0	0	0
335	2016-05-10 22:18:27.71	2016-05-10 22:18:27.76	5	1	0	1	0	0	0	0	0	0	0	0	0
335	2016-05-10 22:18:28.00	2016-05-10 22:18:28.93	5	1	0	1	0	0	0	0	0	0	0	0	0
336	2016-05-10 22:19:19.21	2016-05-10 22:19:23.96	5	1	0	0	0	12	0.261	1.125	0	0	0	0	0
337	2016-05-10 22:19:45.29	2016-05-10 22:19:55.60	5	1	0	0	0	12	0.428	1.21875	0	0	0	0	0
340	2016-05-10 22:20:14.29	2016-05-10 22:20:14.32	5	1	0	1	0	0	0	0	0	0	0	0	0
340	2016-05-10 22:20:14.35	2016-05-10 22:20:15.23	5	1	0	1	0	0	0	0	0	0	0	0	0
341	2016-05-10 22:20:33.68	2016-05-10 22:20:34.07	6	-1	1	1	0	0	0	0	0	0	0	0	0
341	2016-05-10 22:20:33.85	2016-05-10 22:20:34.43	5	1	0	1	0	0	0	0	0	0	0	0	0
341	2016-05-10 22:20:34.82	2016-05-10 22:20:34.85	6	-1	1	1	0	0	0	0	0	0	0	0	0
341	2016-05-10 22:20:35.09	2016-05-10 22:20:36.29	6	-1	1	1	0	0	0	0	0	0	0	0	0
341	2016-05-10 22:20:36.40	2016-05-10 22:20:36.50	6	-1	1	1	0	0	0	0	0	0	0	0	0
342	2016-05-10 22:20:43.29	2016-05-10 22:20:49.78	5	1	0	0	0	20	0.837	2.078125	0	0	0	0	0
343	2016-05-10 22:20:54.62	2016-05-10 22:21:16.00	5	1	0	0	0	17	0.388	1.40625	0	0	0	0	0
344	2016-05-10 22:21:21.96	2016-05-10 22:21:45.43	5	1	0	0	0	16	0.378	1.515625	0	0	0	0	0
345	2016-05-10 22:22:00.34	2016-05-10 22:22:11.46	5	1	0	0	0	18	0.421	1.65625	0	0	0	0	0
346	2016-05-10 22:22:17.96	2016-05-10 22:22:28.67	5	1	0	0	0	15	0.637	1.5625	0	0	0	0	0
347	2016-05-10 22:22:35.00	2016-05-10 22:23:06.23	5	1	0	0	0	14	0.375	1.328125	0	0	0	0	0
348	2016-05-10 22:23:15.54	2016-05-10 22:23:21.78	5	1	0	0	0	11	0.386	1.109375	0	0	0	0	0
349	2016-05-10 22:23:26.07	2016-05-10 22:23:37.34	5	1	0	0	0	27	0.784	2.375	0	0	0	0	0
350	2016-05-10 22:24:10.89	2016-05-10 22:24:23.54	5	1	0	0	0	19	0.544	1.796875	0	0	0	0	0
351	2016-05-10 22:24:31.00	2016-05-10 22:24:46.20	5	1	0	0	0	15	0.445	1.46875	0	0	0	0	0
352	2016-05-10 22:24:53.10	2016-05-10 22:25:05.78	5	1	0	0	0	14	0.376	1.375	0	0	0	0	0
353	2016-05-10 22:25:55.03	2016-05-10 22:26:07.82	5	1	0	0	0	16	0.47	1.484375	0	0	0	0	0
354	2016-05-10 22:26:14.71	2016-05-10 22:26:27.59	5	1	0	0	0	25	0.561	2.15625	0	0	0	0	0
354	2016-05-10 22:26:27.62	2016-05-10 22:26:27.65	5	1	0	1	0	0	0	0	0	0	0	0	0
355	2016-05-10 22:26:50.51	2016-05-10 22:27:02.65	5	1	0	0	0	13	0.332	1.21875	0	0	0	0	0
356	2016-05-10 22:27:13.45	2016-05-10 22:27:19.53	5	1	0	0	0	24	0.605	2.328125	0	0	0	0	0
357	2016-05-10 22:27:24.90	2016-05-10 22:27:26.12	5	1	0	1	0	0	0	0	0	0	0	0	0
358	2016-05-10 22:27:41.29	2016-05-10 22:27:52.71	5	1	0	0	0	19	0.408	1.75	0	0	0	0	0
359	2016-05-10 22:28:02.90	2016-05-10 22:28:18.12	5	1	0	0	0	12	0.247	1.046875	0	0	0	0	0
360	2016-05-10 22:28:27.54	2016-05-10 22:28:43.54	5	1	0	0	0	19	0.462	1.734375	0	0	0	0	0
361	2016-05-10 22:28:52.53	2016-05-10 22:29:11.87	5	1	0	0	0	15	0.348	1.28125	0	0	0	0	0
362	2016-05-10 22:29:27.71	2016-05-10 22:29:46.20	5	1	0	0	0	9	0.217	0.84375	0	0	0	0	0
363	2016-05-10 22:29:55.43	2016-05-10 22:30:19.85	5	1	0	0	0	12	0.246	0.9375	0	0	0	0	0
364	2016-05-10 22:30:28.48	2016-05-10 22:30:53.73	5	1	0	0	0	14	0.306	1.3125	0	0	0	0	0
365	2016-05-10 22:31:04.01	2016-05-10 22:31:21.06	5	1	0	0	0	9	0.133	0.71875	0	0	0	0	0
366	2016-05-10 22:31:30.21	2016-05-10 22:31:52.56	5	1	0	0	0	11	0.317	1.140625	0	0	0	0	0
367	2016-05-10 22:32:00.70	2016-05-10 22:32:27.60	5	1	0	0	0	12	0.247	1.078125	0	0	0	0	0
368	2016-05-10 22:40:31.12	2016-05-10 22:40:31.40	5	1	0	0	0	0	0	0	0	0	0	0	0
368	2016-05-10 22:40:31.43	2016-05-10 22:40:36.51	5	1	0	0	0	8	0.176	0.796875	0	0	0	0	0
368	2016-05-10 22:40:45.76	2016-05-10 22:40:45.96	5	1	0	1	0	0	0	0	0	0	0	0	0
369	2016-05-10 22:40:55.17	2016-05-10 22:41:00.67	5	1	0	0	0	12	0.262	1.15625	0	0	0	0	0
370	2016-05-10 22:41:08.23	2016-05-10 22:41:13.50	5	1	0	0	0	10	0.234	1.015625	0	0	0	0	0
371	2016-05-10 22:41:19.01	2016-05-10 22:41:26.70	5	1	0	0	0	15	0.378	1.4375	0	0	0	0	0
372	2016-05-10 22:41:33.82	2016-05-10 22:41:40.20	5	1	0	0	0	13	0.402	1.296875	0	0	0	0	0
373	2016-05-10 22:41:47.70	2016-05-10 22:41:53.82	5	1	0	0	0	11	0.247	1	0	0	0	0	0
374	2016-05-10 22:46:43.28	2016-05-10 22:46:51.62	5	1	0	0	0	22	0.672	2.046875	0	0	0	0	0
375	2016-05-10 22:46:56.92	2016-05-10 22:47:09.51	5	1	0	0	0	13	0.236	1.140625	0	0	0	0	0
376	2016-05-10 22:47:17.71	2016-05-10 22:47:34.28	5	1	0	0	0	12	0.43	1.296875	0	0	0	0	0
377	2016-05-10 22:47:42.50	2016-05-10 22:47:57.01	5	1	0	0	0	10	0.248	0.953125	0	0	0	0	0
378	2016-05-10 22:48:00.90	2016-05-10 22:48:07.54	5	1	0	0	0	11	0.277	1.078125	0	0	0	0	0
379	2016-05-10 22:48:56.20	2016-05-10 22:49:03.06	5	1	0	0	0	15	0.319	1.21875	0	0	0	0	0
380	2016-05-10 22:49:20.48	2016-05-10 22:49:26.35	5	1	0	0	0	18	0.389	1.5	0	0	0	0	0
381	2016-05-10 22:49:30.54	2016-05-10 22:49:35.04	5	1	0	0	0	15	0.401	1.40625	0	0	0	0	0
382	2016-05-10 22:51:31.09	2016-05-10 22:51:38.70	5	1	0	0	0	26	0.754	2.25	0	0	0	0	0
383	2016-05-10 22:51:45.89	2016-05-10 22:51:58.00	5	1	0	0	0	21	0.505	2.015625	0	0	0	0	0
384	2016-05-10 22:52:03.35	2016-05-10 22:52:10.15	5	1	0	0	0	19	0.506	1.953125	0	0	0	0	0
385	2016-05-10 22:52:15.51	2016-05-10 22:52:20.62	5	1	0	0	0	7	0.118	0.640625	0	0	0	0	0
386	2016-05-10 22:52:51.29	2016-05-10 22:53:08.56	5	1	0	0	0	16	0.374	1.359375	0	0	0	0	0
387	2016-05-10 22:53:13.57	2016-05-10 22:53:20.53	5	1	0	0	0	24	0.922	2.390625	0	0	0	0	0
388	2016-05-10 22:53:26.00	2016-05-10 22:53:38.17	5	1	0	0	0	15	0.372	1.296875	0	0	0	0	0
389	2016-05-10 22:53:45.78	2016-05-10 22:53:59.15	5	1	0	0	0	22	0.659	2.234375	0	0	0	0	0
390	2016-05-10 22:54:03.95	2016-05-10 22:54:12.14	5	1	0	0	0	19	0.472	1.609375	0	0	0	0	0
391	2016-05-10 22:54:32.78	2016-05-10 22:54:42.21	5	1	0	0	0	23	0.671	2.09375	0	0	0	0	0
392	2016-05-10 22:54:48.64	2016-05-10 22:54:55.32	5	1	0	0	0	15	0.293	1.34375	0	0	0	0	0
393	2016-05-10 22:55:10.51	2016-05-10 22:55:17.04	5	1	0	0	0	24	0.738	2.015625	0	0	0	0	0
394	2016-05-10 22:55:22.79	2016-05-10 22:55:29.84	5	1	0	0	0	15	0.308	1.375	0	0	0	0	0
395	2016-05-10 22:56:50.65	2016-05-10 22:56:59.32	5	1	0	0	0	18	0.42	1.59375	0	0	0	0	0
396	2016-05-10 22:57:38.89	2016-05-10 22:57:46.17	5	1	0	0	0	19	0.317	1.3125	0	0	0	0	0
397	2016-05-10 22:57:52.67	2016-05-10 22:58:05.04	5	1	0	0	0	31	0.744	2.65625	0	0	0	0	0
397	2016-05-10 22:58:13.35	2016-05-10 22:58:13.37	5	1	0	1	0	0	0	0	0	0	0	0	0
398	2016-05-10 22:58:22.18	2016-05-10 22:58:43.29	5	1	0	0	0	12	0.292	1.125	0	0	0	0	0
399	2016-05-10 22:58:55.46	2016-05-10 22:59:18.14	5	1	0	0	0	29	0.673	2.375	0	0	0	0	0
400	2016-05-10 22:59:48.00	2016-05-10 22:59:48.01	5	1	0	0	0	0	0	0	0	0	0	0	0
400	2016-05-10 22:59:48.04	2016-05-10 22:59:52.79	5	1	0	0	0	9	0.176	0.859375	0	0	0	0	0
401	2016-05-10 23:00:12.76	2016-05-10 23:00:12.84	5	1	0	1	0	0	0	0	0	0	0	0	0
401	2016-05-10 23:00:12.87	2016-05-10 23:00:12.98	5	1	0	1	0	0	0	0	0	0	0	0	0
401	2016-05-10 23:00:14.15	2016-05-10 23:00:14.67	5	1	0	1	0	0	0	0	0	0	0	0	0
402	2016-05-10 23:00:31.73	2016-05-10 23:00:40.01	5	1	0	0	0	11	0.263	1.03125	0	0	0	0	0
403	2016-05-10 23:00:48.28	2016-05-10 23:00:56.37	5	1	0	0	0	12	0.275	1.1875	0	0	0	0	0
404	2016-05-10 23:01:15.07	2016-05-10 23:01:21.59	5	1	0	0	0	17	0.351	1.609375	0	0	0	0	0
405	2016-05-10 23:01:29.40	2016-05-10 23:01:38.79	5	1	0	0	0	14	0.375	1.390625	0	0	0	0	0
406	2016-05-10 23:01:48.34	2016-05-10 23:01:53.78	5	1	0	0	0	16	0.349	1.484375	0	0	0	0	0
407	2016-05-10 23:01:59.37	2016-05-10 23:02:05.59	5	1	0	0	0	23	0.836	2.3125	0	0	0	0	0
408	2016-05-10 23:02:12.60	2016-05-10 23:02:21.90	5	1	0	0	0	23	0.673	2.125	0	0	0	0	0
409	2016-05-10 23:03:00.87	2016-05-10 23:03:11.87	5	1	0	0	0	20	1.098	2.21875	0	0	0	0	0
410	2016-05-10 23:03:18.75	2016-05-10 23:03:32.45	5	1	0	0	0	16	0.529	1.75	0	0	0	0	0
411	2016-05-10 23:03:40.09	2016-05-10 23:03:51.85	5	1	0	0	0	23	0.962	2.375	0	0	0	0	0
411	2016-05-10 23:04:02.34	2016-05-10 23:04:03.07	6	-1	1	0	0	0	0	0	0	0	0	0	0
412	2016-05-10 23:04:29.40	2016-05-10 23:04:41.37	5	1	0	0	0	18	0.485	1.53125	0	0	0	0	0
413	2016-05-10 23:04:56.12	2016-05-10 23:05:14.07	5	1	0	0	0	21	0.459	1.71875	0	0	0	0	0
414	2016-05-10 23:05:29.51	2016-05-10 23:05:46.35	5	1	0	0	0	16	0.791	1.75	0	0	0	0	0
415	2016-05-10 23:06:25.50	2016-05-10 23:06:34.18	5	1	0	0	0	22	0.558	2	0	0	0	0	0
416	2016-05-10 23:06:42.09	2016-05-10 23:06:47.98	5	1	0	0	0	5	0.13	0.453125	0	0	0	0	0
417	2016-05-10 23:07:00.15	2016-05-10 23:07:05.75	5	1	0	0	0	10	0.217	0.84375	0	0	0	0	0
418	2016-05-10 23:07:11.54	2016-05-10 23:07:17.50	5	1	0	0	0	5	0.13	0.53125	0	0	0	0	0
419	2016-05-10 23:07:24.93	2016-05-10 23:07:40.92	5	1	0	0	0	15	0.32	1.390625	0	0	0	0	0
420	2016-05-10 23:07:58.78	2016-05-10 23:07:58.81	5	1	0	0	0	0	0	0	0	0	0	0	0
420	2016-05-10 23:07:58.82	2016-05-10 23:08:14.51	5	1	0	0	0	12	0.373	1.140625	0	0	0	0	0
421	2016-05-10 23:08:45.09	2016-05-10 23:08:45.20	5	1	0	1	0	0	0	0	0	0	0	0	0
422	2016-05-10 23:09:23.28	2016-05-10 23:09:23.42	5	1	0	1	0	0	0	0	0	0	0	0	0
422	2016-05-10 23:09:25.39	2016-05-10 23:09:25.48	5	1	0	1	0	0	0	0	0	0	0	0	0
423	2016-05-10 23:09:36.03	2016-05-10 23:09:46.95	5	1	0	0	0	16	0.363	1.46875	0	0	0	0	0
424	2016-05-10 23:09:53.54	2016-05-10 23:10:06.81	5	1	0	0	0	17	0.362	1.546875	0	0	0	0	0
425	2016-05-10 23:10:20.04	2016-05-10 23:10:37.82	5	1	0	0	0	20	0.488	1.765625	0	0	0	0	0
425	2016-05-10 23:10:51.21	2016-05-10 23:10:51.23	6	-1	1	0	0	0	0	0	0	0	0	0	0
425	2016-05-10 23:10:51.29	2016-05-10 23:10:51.35	6	-1	1	0	0	0	0	0	0	0	0	0	0
426	2016-05-10 23:11:16.37	2016-05-10 23:11:35.64	5	1	0	0	0	17	0.435	1.578125	0	0	0	0	0
427	2016-05-10 23:11:46.46	2016-05-10 23:11:56.84	5	1	0	0	0	15	0.348	1.421875	0	0	0	0	0
428	2016-05-10 23:12:02.64	2016-05-10 23:12:10.06	5	1	0	0	0	21	0.504	1.84375	0	0	0	0	0
429	2016-05-10 23:12:43.37	2016-05-10 23:12:55.90	5	1	0	0	0	15	0.58	1.453125	0	0	0	0	0
430	2016-05-10 23:13:03.23	2016-05-10 23:13:26.20	5	1	0	0	0	15	0.474	1.46875	0	0	0	0	0
431	2016-05-10 23:13:34.18	2016-05-10 23:13:41.35	5	1	0	0	0	15	0.415	1.453125	0	0	0	0	0
432	2016-05-10 23:14:09.51	2016-05-10 23:14:10.00	5	1	0	1	0	0	0	0	0	0	0	0	0
433	2016-05-10 23:14:38.18	2016-05-10 23:14:47.53	5	1	0	0	0	19	0.642	1.90625	0	0	0	0	0
433	2016-05-10 23:14:58.04	2016-05-10 23:14:58.82	5	1	0	1	0	0	0	0	0	0	0	0	0
434	2016-05-10 23:15:18.43	2016-05-10 23:15:30.06	5	1	0	0	0	12	0.29	1.1875	0	0	0	0	0
435	2016-05-10 23:16:15.92	2016-05-10 23:16:28.98	5	1	0	0	0	17	0.348	1.5	0	0	0	0	0
436	2016-05-10 23:16:40.25	2016-05-10 23:16:53.67	5	1	0	0	0	15	0.261	1.125	0	0	0	0	0
437	2016-05-10 23:17:02.75	2016-05-10 23:17:13.06	5	1	0	0	0	21	0.709	2.046875	0	0	0	0	0
438	2016-05-10 23:17:22.37	2016-05-10 23:17:30.92	5	1	0	0	0	21	0.56	2	0	0	0	0	0
439	2016-05-10 23:17:35.39	2016-05-10 23:17:49.96	5	1	0	0	0	16	0.668	1.671875	0	0	0	0	0
440	2016-05-10 23:18:05.59	2016-05-10 23:18:26.00	5	1	0	0	0	14	0.444	1.375	0	0	0	0	0
441	2016-05-10 23:18:34.17	2016-05-10 23:18:34.20	5	1	0	1	0	0	0	0	0	0	0	0	0
441	2016-05-10 23:18:36.90	2016-05-10 23:18:37.15	5	1	0	1	0	0	0	0	0	0	0	0	0
442	2016-05-10 23:18:54.53	2016-05-10 23:19:09.09	5	1	0	0	0	20	0.694	2.078125	0	0	0	0	0
443	2016-05-10 23:19:15.96	2016-05-10 23:19:21.89	5	1	0	0	0	11	0.179	0.984375	0	0	0	0	0
444	2016-05-10 23:19:38.62	2016-05-10 23:19:44.73	5	1	0	0	0	9	0.162	0.84375	0	0	0	0	0
445	2016-05-10 23:20:00.96	2016-05-10 23:20:18.25	5	1	0	0	0	12	0.346	1.25	0	0	0	0	0
445	2016-05-10 23:20:26.71	2016-05-10 23:20:26.98	5	1	0	1	0	0	0	0	0	0	0	0	0
445	2016-05-10 23:20:58.84	2016-05-10 23:20:59.48	6	-1	1	1	0	0	0	0	0	0	0	0	0
446	2016-05-10 23:21:17.78	2016-05-10 23:21:35.04	5	1	0	0	0	17	0.543	1.640625	0	0	0	0	0
447	2016-05-10 23:21:42.14	2016-05-10 23:22:04.78	5	1	0	0	0	14	0.484	1.421875	0	0	0	0	0
448	2016-05-10 23:22:37.37	2016-05-10 23:22:43.04	5	1	0	0	0	13	0.386	1.296875	0	0	0	0	0
449	2016-05-10 23:22:49.28	2016-05-10 23:22:55.28	5	1	0	0	0	9	0.315	0.953125	0	0	0	0	0
450	2016-05-10 23:23:10.81	2016-05-10 23:23:18.43	5	1	0	0	0	11	0.248	1	0	0	0	0	0
451	2016-05-10 23:23:27.32	2016-05-10 23:23:33.35	5	1	0	0	0	8	0.19	0.8125	0	0	0	0	0
452	2016-05-10 23:23:50.10	2016-05-10 23:23:57.28	5	1	0	0	0	18	0.526	1.609375	0	0	0	0	0
453	2016-05-10 23:24:36.51	2016-05-10 23:24:46.71	5	1	0	0	0	21	0.503	1.890625	0	0	0	0	0
454	2016-05-10 23:24:50.35	2016-05-10 23:25:01.78	5	1	0	0	0	17	0.515	1.6875	0	0	0	0	0
455	2016-05-10 23:26:59.78	2016-05-10 23:27:08.67	5	1	0	0	0	20	0.528	1.75	0	0	0	0	0
457	2016-05-10 23:27:20.87	2016-05-10 23:27:32.82	5	1	0	0	0	18	0.406	1.546875	0	0	0	0	0
458	2016-05-10 23:27:38.50	2016-05-10 23:27:46.87	5	1	0	0	0	11	0.276	0.96875	0	0	0	0	0
459	2016-05-10 23:27:55.10	2016-05-10 23:28:05.85	5	1	0	0	0	25	0.642	2.140625	0	0	0	0	0
460	2016-05-10 23:28:11.75	2016-05-10 23:28:17.95	5	1	0	0	0	20	0.517	1.828125	0	0	0	0	0
460	2016-05-10 23:28:18.03	2016-05-10 23:28:18.14	5	1	0	1	0	0	0	0	0	0	0	0	0
461	2016-05-10 23:28:23.45	2016-05-10 23:28:30.62	5	1	0	0	0	11	0.219	1	0	0	0	0	0
462	2016-05-10 23:28:41.42	2016-05-10 23:28:50.37	5	1	0	0	0	22	0.547	2	0	0	0	0	0
463	2016-05-10 23:28:56.14	2016-05-10 23:28:56.17	5	1	0	1	0	0	0	0	0	0	0	0	0
464	2016-05-10 23:29:09.64	2016-05-10 23:29:23.46	5	1	0	0	0	26	0.742	2.3125	0	0	0	0	0
466	2016-05-10 23:29:31.04	2016-05-10 23:29:38.65	5	1	0	0	0	23	0.946	2.28125	0	0	0	0	0
466	2016-05-10 23:29:45.92	2016-05-10 23:29:46.15	5	1	0	1	0	0	0	0	0	0	0	0	0
467	2016-05-10 23:29:51.43	2016-05-10 23:29:56.89	5	1	0	0	0	17	0.665	1.640625	0	0	0	0	0
468	2016-05-10 23:30:04.75	2016-05-10 23:30:11.65	5	1	0	0	0	19	0.489	1.796875	0	0	0	0	0
469	2016-05-10 23:30:23.64	2016-05-10 23:30:23.68	5	1	0	0	0	0	0	0	0	0	0	0	0
469	2016-05-10 23:30:23.71	2016-05-10 23:30:32.75	5	1	0	0	0	19	0.554	1.546875	0	0	0	0	0
470	2016-05-10 23:30:40.04	2016-05-10 23:30:40.34	5	1	0	1	0	0	0	0	0	0	0	0	0
471	2016-05-10 23:30:50.67	2016-05-10 23:30:56.53	5	1	0	0	0	12	0.206	1.015625	0	0	0	0	0
472	2016-05-10 23:31:02.78	2016-05-10 23:31:14.23	5	1	0	0	0	21	0.56	1.921875	0	0	0	0	0
473	2016-05-10 23:31:20.31	2016-05-10 23:31:39.59	5	1	0	0	0	19	0.559	1.78125	0	0	0	0	0
474	2016-05-10 23:31:46.90	2016-05-10 23:31:55.76	5	1	0	0	0	19	0.376	1.546875	0	0	0	0	0
475	2016-05-10 23:32:06.50	2016-05-10 23:32:15.01	5	1	0	0	0	12	0.287	1.171875	0	0	0	0	0
476	2016-05-10 23:32:21.57	2016-05-10 23:32:28.45	5	1	0	0	0	13	0.36	1.28125	0	0	0	0	0
477	2016-05-10 23:32:36.10	2016-05-10 23:32:43.09	5	1	0	0	0	13	0.332	1.234375	0	0	0	0	0
478	2016-05-10 23:33:26.81	2016-05-10 23:33:33.98	5	1	0	0	0	9	0.275	0.890625	0	0	0	0	0
479	2016-05-10 23:33:39.09	2016-05-10 23:33:50.03	5	1	0	0	0	12	0.319	1.140625	0	0	0	0	0
479	2016-05-10 23:33:50.04	2016-05-10 23:33:59.32	5	1	0	1	0	0	0	0	0	0	0	0	0
479	2016-05-10 23:35:14.65	2016-05-10 23:35:14.90	5	1	0	1	0	0	0	0	0	0	0	0	0
479	2016-05-10 23:35:32.78	2016-05-10 23:35:32.90	6	-1	1	1	0	0	0	0	0	0	0	0	0
479	2016-05-10 23:35:38.98	2016-05-10 23:35:39.40	6	-1	1	1	0	0	0	0	0	0	0	0	0
479	2016-05-10 23:35:40.28	2016-05-10 23:35:41.29	6	-1	1	1	0	0	0	0	0	0	0	0	0
479	2016-05-10 23:35:57.71	2016-05-10 23:35:57.96	6	-1	1	1	0	0	0	0	0	0	0	0	0
479	2016-05-10 23:36:18.81	2016-05-10 23:36:19.17	6	-1	1	1	0	0	0	0	0	0	0	0	0
479	2016-05-10 23:37:19.59	2016-05-10 23:37:24.12	6	-1	1	1	0	0	0	0	0	0	0	0	0
479	2016-05-10 23:37:24.35	2016-05-10 23:37:24.42	6	-1	1	1	0	0	0	0	0	0	0	0	0
479	2016-05-10 23:37:24.73	2016-05-10 23:37:24.76	6	-1	1	1	0	0	0	0	0	0	0	0	0
479	2016-05-10 23:37:25.67	2016-05-10 23:37:26.04	6	-1	1	1	0	0	0	0	0	0	0	0	0
479	2016-05-10 23:37:26.26	2016-05-10 23:37:26.79	6	-1	1	1	0	0	0	0	0	0	0	0	0
479	2016-05-10 23:37:26.14	2016-05-10 23:37:26.82	5	1	0	1	0	0	0	0	0	0	0	0	0
480	2016-05-10 23:37:31.23	2016-05-10 23:37:31.25	5	1	0	0	0	0	0	0	0	0	0	0	0
480	2016-05-10 23:37:31.29	2016-05-10 23:37:31.29	5	1	0	0	0	0	0	0	0	0	0	0	0
480	2016-05-10 23:37:31.42	2016-05-10 23:37:31.50	5	1	0	0	0	0	0	0	0	0	0	0	0
480	2016-05-10 23:37:31.73	2016-05-10 23:37:32.65	5	1	0	1	0	0	0	0	0	0	0	0	0
480	2016-05-10 23:37:33.70	2016-05-10 23:37:33.71	6	-1	1	1	0	0	0	0	0	0	0	0	0
482	2016-05-10 23:37:41.23	2016-05-10 23:37:54.34	5	1	0	0	0	21	0.54	1.65625	0	0	0	0	0
483	2016-05-10 23:38:00.75	2016-05-10 23:38:07.75	5	1	0	0	0	20	0.577	2	0	0	0	0	0
484	2016-05-10 23:38:14.89	2016-05-10 23:38:25.17	5	1	0	0	0	20	0.418	1.65625	0	0	0	0	0
485	2016-05-10 23:38:30.35	2016-05-10 23:38:30.39	5	1	0	1	0	0	0	0	0	0	0	0	0
485	2016-05-10 23:38:30.84	2016-05-10 23:38:30.89	5	1	0	1	0	0	0	0	0	0	0	0	0
486	2016-05-10 23:38:40.25	2016-05-10 23:38:42.42	5	1	0	1	0	0	0	0	0	0	0	0	0
486	2016-05-10 23:38:42.48	2016-05-10 23:38:43.23	5	1	0	1	0	0	0	0	0	0	0	0	0
487	2016-05-10 23:38:52.03	2016-05-10 23:38:59.06	5	1	0	0	0	11	0.235	0.984375	0	0	0	0	0
488	2016-05-10 23:39:04.14	2016-05-10 23:39:18.28	5	1	0	0	0	33	0.875	2.609375	0	0	0	0	0
489	2016-05-10 23:39:25.06	2016-05-10 23:39:34.92	5	1	0	0	0	25	0.59	2.125	0	0	0	0	0
489	2016-05-10 23:39:38.06	2016-05-10 23:39:39.31	6	-1	1	0	0	0	0	0	0	0	0	0	0
489	2016-05-10 23:39:40.73	2016-05-10 23:39:41.84	6	-1	1	0	0	0	0	0	0	0	0	0	0
489	2016-05-10 23:39:42.84	2016-05-10 23:39:43.37	6	-1	1	0	0	0	0	0	0	0	0	0	0
489	2016-05-10 23:39:52.28	2016-05-10 23:39:52.76	5	1	0	1	0	0	0	0	0	0	0	0	0
489	2016-05-10 23:39:57.45	2016-05-10 23:39:57.50	6	-1	1	1	0	0	0	0	0	0	0	0	0
489	2016-05-10 23:40:14.06	2016-05-10 23:40:14.53	6	-1	1	1	0	0	0	0	0	0	0	0	0
489	2016-05-10 23:40:14.75	2016-05-10 23:40:15.06	6	-1	1	1	0	0	0	0	0	0	0	0	0
489	2016-05-10 23:40:15.34	2016-05-10 23:40:15.81	6	-1	1	1	0	0	0	0	0	0	0	0	0
489	2016-05-10 23:40:16.18	2016-05-10 23:40:16.21	6	-1	1	1	0	0	0	0	0	0	0	0	0
489	2016-05-10 23:40:18.81	2016-05-10 23:40:18.95	5	1	0	1	0	0	0	0	0	0	0	0	0
489	2016-05-10 23:40:19.20	2016-05-10 23:40:19.37	5	1	0	1	0	0	0	0	0	0	0	0	0
489	2016-05-10 23:40:16.29	2016-05-10 23:40:20.50	6	-1	1	1	0	0	0	0	0	0	0	0	0
489	2016-05-10 23:40:20.89	2016-05-10 23:40:20.92	5	1	0	1	0	0	0	0	0	0	0	0	0
489	2016-05-10 23:40:21.15	2016-05-10 23:40:21.32	5	1	0	1	0	0	0	0	0	0	0	0	0
490	2016-05-10 23:40:26.68	2016-05-10 23:40:32.54	5	1	0	0	0	19	0.587	1.875	0	0	0	0	0
491	2016-05-10 23:40:40.82	2016-05-10 23:40:41.70	5	1	0	1	0	0	0	0	0	0	0	0	0
492	2016-05-10 23:40:47.32	2016-05-10 23:40:55.21	5	1	0	0	0	33	0.967	2.9375	0	0	0	0	0
492	2016-05-10 23:40:58.70	2016-05-10 23:41:00.09	6	-1	1	0	0	0	0	0	0	0	0	0	0
492	2016-05-10 23:41:00.23	2016-05-10 23:41:01.14	5	1	0	1	0	0	0	0	0	0	0	0	0
493	2016-05-10 23:41:20.84	2016-05-10 23:41:21.89	5	1	0	1	0	0	0	0	0	0	0	0	0
494	2016-05-10 23:41:36.21	2016-05-10 23:41:36.28	5	1	0	1	0	0	0	0	0	0	0	0	0
494	2016-05-10 23:41:36.34	2016-05-10 23:41:36.39	5	1	0	1	0	0	0	0	0	0	0	0	0
494	2016-05-10 23:41:37.79	2016-05-10 23:41:38.03	5	1	0	1	0	0	0	0	0	0	0	0	0
495	2016-05-10 23:42:11.98	2016-05-10 23:42:16.89	5	1	0	0	0	7	0.119	0.625	0	0	0	0	0
495	2016-05-10 23:42:16.90	2016-05-10 23:42:16.93	5	1	0	1	0	0	0	0	0	0	0	0	0
496	2016-05-10 23:42:27.50	2016-05-10 23:42:38.57	5	1	0	0	0	7	0.172	0.59375	0	0	0	0	0
497	2016-05-10 23:43:01.57	2016-05-10 23:43:13.56	5	1	0	0	0	18	0.377	1.59375	0	0	0	0	0
497	2016-05-10 23:43:34.95	2016-05-10 23:43:35.75	5	1	0	1	0	0	0	0	0	0	0	0	0
497	2016-05-10 23:43:52.35	2016-05-10 23:43:53.82	5	1	0	1	0	0	0	0	0	0	0	0	0
497	2016-05-10 23:43:58.93	2016-05-10 23:43:59.10	6	-1	1	1	0	0	0	0	0	0	0	0	0
498	2016-05-10 23:44:30.82	2016-05-10 23:44:38.23	5	1	0	0	0	8	0.175	0.71875	0	0	0	0	0
498	2016-05-10 23:44:46.62	2016-05-10 23:44:47.28	5	1	0	1	0	0	0	0	0	0	0	0	0
498	2016-05-10 23:44:56.04	2016-05-10 23:44:56.31	6	-1	1	1	0	0	0	0	0	0	0	0	0
499	2016-05-10 23:45:12.51	2016-05-10 23:45:19.40	5	1	0	0	0	13	0.487	1.4375	0	0	0	0	0
500	2016-05-10 23:45:27.68	2016-05-10 23:45:42.87	5	1	0	0	0	27	0.686	2.234375	0	0	0	0	0
501	2016-05-10 23:45:54.40	2016-05-10 23:46:15.71	5	1	0	0	0	16	0.363	1.5	0	0	0	0	0
502	2016-05-10 23:46:22.40	2016-05-10 23:46:45.48	5	1	0	0	0	16	0.446	1.5	0	0	0	0	0
503	2016-05-10 23:46:51.65	2016-05-10 23:46:57.60	5	1	0	0	0	17	0.429	1.609375	0	0	0	0	0
504	2016-05-10 23:47:04.03	2016-05-10 23:47:11.51	5	1	0	0	0	19	0.5	1.6875	0	0	0	0	0
505	2016-05-10 23:47:32.17	2016-05-10 23:47:38.68	5	1	0	0	0	10	0.218	0.921875	0	0	0	0	0
506	2016-05-10 23:47:46.48	2016-05-10 23:47:46.82	5	1	0	1	0	0	0	0	0	0	0	0	0
506	2016-05-10 23:47:53.59	2016-05-10 23:47:53.81	6	-1	1	1	0	0	0	0	0	0	0	0	0
508	2016-05-10 23:48:05.17	2016-05-10 23:48:05.54	5	1	0	1	0	0	0	0	0	0	0	0	0
509	2016-05-10 23:48:10.31	2016-05-10 23:48:19.28	5	1	0	0	0	31	1.061	3.203125	0	0	0	0	0
510	2016-05-10 23:48:24.98	2016-05-10 23:48:33.56	5	1	0	0	0	18	0.487	1.75	0	0	0	0	0
511	2016-05-10 23:48:47.70	2016-05-10 23:48:59.62	5	1	0	0	0	20	0.448	1.796875	0	0	0	0	0
513	2016-05-10 23:50:28.32	2016-05-10 23:50:40.95	5	1	0	0	0	19	0.363	1.671875	0	0	0	0	0
514	2016-05-10 23:50:51.59	2016-05-10 23:51:05.35	5	1	0	0	0	21	0.617	2.140625	0	0	0	0	0
515	2016-05-10 23:51:12.53	2016-05-10 23:51:29.10	5	1	0	0	0	21	0.436	1.859375	0	0	0	0	0
516	2016-05-10 23:51:37.32	2016-05-10 23:51:54.09	5	1	0	0	0	25	0.893	2.53125	0	0	0	0	0
516	2016-05-10 23:52:03.15	2016-05-10 23:52:03.23	6	-1	1	0	0	0	0	0	0	0	0	0	0
516	2016-05-10 23:52:06.56	2016-05-10 23:52:06.62	5	1	0	1	0	0	0	0	0	0	0	0	0
516	2016-05-10 23:52:09.60	2016-05-10 23:52:09.75	6	-1	1	1	0	0	0	0	0	0	0	0	0
516	2016-05-10 23:52:09.82	2016-05-10 23:52:10.39	6	-1	1	1	0	0	0	0	0	0	0	0	0
516	2016-05-10 23:52:10.15	2016-05-10 23:52:12.29	5	1	0	1	0	0	0	0	0	0	0	0	0
516	2016-05-10 23:52:18.53	2016-05-10 23:52:18.59	5	1	0	1	0	0	0	0	0	0	0	0	0
516	2016-05-10 23:52:26.90	2016-05-10 23:52:26.93	5	1	0	1	0	0	0	0	0	0	0	0	0
516	2016-05-10 23:52:26.96	2016-05-10 23:52:27.00	5	1	0	1	0	0	0	0	0	0	0	0	0
517	2016-05-10 23:52:30.53	2016-05-10 23:52:30.54	5	1	0	0	0	0	0	0	0	0	0	0	0
517	2016-05-10 23:52:30.59	2016-05-10 23:52:37.17	5	1	0	0	0	23	0.717	2.3125	0	0	0	0	0
518	2016-05-10 23:52:43.48	2016-05-10 23:52:58.43	5	1	0	0	0	34	0.686	2.5	0	0	0	0	0
519	2016-05-10 23:53:10.03	2016-05-10 23:53:10.17	5	1	0	1	0	0	0	0	0	0	0	0	0
520	2016-05-10 23:53:30.85	2016-05-10 23:53:37.92	5	1	0	0	0	24	0.699	2.21875	0	0	0	0	0
521	2016-05-10 23:53:45.21	2016-05-10 23:54:07.98	5	1	0	0	0	18	0.406	1.5625	0	0	0	0	0
522	2016-05-10 23:54:14.28	2016-05-10 23:54:15.59	5	1	0	1	0	0	0	0	0	0	0	0	0
523	2016-05-10 23:54:27.73	2016-05-10 23:54:50.28	5	1	0	0	0	14	0.331	1.265625	0	0	0	0	0
524	2016-05-10 23:54:56.14	2016-05-10 23:54:56.15	5	1	0	1	0	0	0	0	0	0	0	0	0
524	2016-05-10 23:54:58.26	2016-05-10 23:54:58.84	5	1	0	1	0	0	0	0	0	0	0	0	0
525	2016-05-10 23:55:17.92	2016-05-10 23:55:23.73	5	1	0	0	0	9	0.191	0.859375	0	0	0	0	0
526	2016-05-10 23:55:29.95	2016-05-10 23:55:30.09	5	1	0	1	0	0	0	0	0	0	0	0	0
527	2016-05-10 23:55:37.40	2016-05-10 23:55:47.20	5	1	0	0	0	13	0.389	1.265625	0	0	0	0	0
528	2016-05-10 23:55:54.04	2016-05-10 23:56:01.34	5	1	0	0	0	14	0.445	1.453125	0	0	0	0	0
530	2016-05-10 23:56:11.07	2016-05-10 23:56:24.29	5	1	0	0	0	16	0.431	1.453125	0	0	0	0	0
531	2016-05-10 23:56:29.82	2016-05-10 23:56:30.37	5	1	0	1	0	0	0	0	0	0	0	0	0
532	2016-05-10 23:56:49.46	2016-05-10 23:56:49.48	5	1	0	0	0	0	0	0	0	0	0	0	0
532	2016-05-10 23:56:49.60	2016-05-10 23:56:56.59	5	1	0	0	0	16	0.334	1.359375	0	0	0	0	0
533	2016-05-10 23:57:03.54	2016-05-10 23:57:08.29	5	1	0	0	0	28	0.644	2.109375	0	0	0	0	0
534	2016-05-10 23:57:14.04	2016-05-10 23:57:24.45	5	1	0	0	0	9	0.232	0.828125	0	0	0	0	0
535	2016-05-10 23:57:34.67	2016-05-10 23:57:40.89	5	1	0	0	0	20	0.726	1.96875	0	0	0	0	0
536	2016-05-10 23:57:51.06	2016-05-10 23:58:03.46	5	1	0	0	0	27	0.688	2.375	0	0	0	0	0
537	2016-05-10 23:58:27.29	2016-05-10 23:58:35.34	5	1	0	0	0	21	0.542	1.859375	0	0	0	0	0
538	2016-05-10 23:58:41.03	2016-05-10 23:58:47.98	5	1	0	0	0	14	0.389	1.390625	0	0	0	0	0
539	2016-05-10 23:59:18.15	2016-05-10 23:59:18.93	6	-1	1	0	0	0	0	0	0	0	0	0	0
539	2016-05-10 23:59:18.98	2016-05-10 23:59:19.57	5	1	0	0	0	0	0	0	0	0	0	0	0
539	2016-05-10 23:59:20.25	2016-05-10 23:59:20.53	5	1	0	0	0	0	0	0	0	0	0	0	0
540	2016-05-10 23:59:27.20	2016-05-10 23:59:27.62	5	1	0	0	0	0	0	0	0	0	0	0	0
545	2016-05-11 00:01:56.42	2016-05-11 00:01:56.53	5	1	0	0	0	0	0	0	0	0	0	0	0
546	2016-05-11 00:02:06.92	2016-05-11 00:02:07.17	5	1	0	0	0	0	0	0	0	0	0	0	0
547	2016-05-11 00:02:21.39	2016-05-11 00:02:21.45	5	1	0	0	0	0	0	0	0	0	0	0	0
548	2016-05-11 00:02:35.48	2016-05-11 00:02:35.51	5	1	0	0	0	0	0	0	0	0	0	0	0
549	2016-05-11 00:04:04.53	2016-05-11 00:04:04.89	5	1	0	0	0	0	0	0	0	0	0	0	0
550	2016-05-11 00:04:10.89	2016-05-11 00:04:10.93	5	1	0	0	0	0	0	0	0	0	0	0	0
550	2016-05-11 00:04:11.84	2016-05-11 00:04:11.87	5	1	0	0	0	0	0	0	0	0	0	0	0
550	2016-05-11 00:04:12.59	2016-05-11 00:04:12.71	5	1	0	0	0	0	0	0	0	0	0	0	0
552	2016-05-11 00:04:42.78	2016-05-11 00:04:43.21	5	1	0	0	0	0	0	0	0	0	0	0	0
552	2016-05-11 00:04:46.37	2016-05-11 00:04:46.67	6	-1	1	0	0	0	0	0	0	0	0	0	0
553	2016-05-11 00:06:10.28	2016-05-11 00:06:10.34	5	1	0	0	0	0	0	0	0	0	0	0	0
554	2016-05-11 00:06:19.98	2016-05-11 00:06:20.92	6	-1	1	0	0	0	0	0	0	0	0	0	0
554	2016-05-11 00:06:20.95	2016-05-11 00:06:21.43	6	-1	1	0	0	0	0	0	0	0	0	0	0
554	2016-05-11 00:06:21.78	2016-05-11 00:06:21.81	6	-1	1	0	0	0	0	0	0	0	0	0	0
554	2016-05-11 00:06:21.59	2016-05-11 00:06:22.53	5	1	0	0	0	0	0	0	0	0	0	0	0
559	2016-05-11 00:08:04.48	2016-05-11 00:08:04.79	5	1	0	0	0	0	0	0	0	0	0	0	0
559	2016-05-11 00:08:43.64	2016-05-11 00:08:43.73	6	-1	1	0	0	0	0	0	0	0	0	0	0
563	2016-05-11 00:12:43.17	2016-05-11 00:12:44.10	5	1	0	0	0	0	0	0	0	0	0	0	0
563	2016-05-11 00:12:44.51	2016-05-11 00:12:44.65	5	1	0	0	0	0	0	0	0	0	0	0	0
563	2016-05-11 00:12:44.85	2016-05-11 00:12:45.00	5	1	0	0	0	0	0	0	0	0	0	0	0
563	2016-05-11 00:12:45.06	2016-05-11 00:12:45.14	5	1	0	0	0	0	0	0	0	0	0	0	0
565	2016-05-11 00:13:54.45	2016-05-11 00:13:54.75	6	-1	1	0	0	0	0	0	0	0	0	0	0
565	2016-05-11 00:15:21.92	2016-05-11 00:15:22.26	6	-1	1	0	0	0	0	0	0	0	0	0	0
565	2016-05-11 00:15:22.32	2016-05-11 00:15:22.57	6	-1	1	0	0	0	0	0	0	0	0	0	0
565	2016-05-11 00:15:22.92	2016-05-11 00:15:23.06	6	-1	1	0	0	0	0	0	0	0	0	0	0
565	2016-05-11 00:15:23.28	2016-05-11 00:15:23.68	6	-1	1	0	0	0	0	0	0	0	0	0	0
565	2016-05-11 00:15:24.17	2016-05-11 00:15:24.67	5	1	0	0	0	0	0	0	0	0	0	0	0
566	2016-05-11 00:15:34.87	2016-05-11 00:15:34.95	6	-1	1	0	0	0	0	0	0	0	0	0	0
566	2016-05-11 00:15:40.34	2016-05-11 00:15:40.90	5	1	0	0	0	0	0	0	0	0	0	0	0
569	2016-05-11 00:16:26.34	2016-05-11 00:16:26.68	6	-1	1	0	0	0	0	0	0	0	0	0	0
569	2016-05-11 00:16:26.75	2016-05-11 00:16:26.76	6	-1	1	0	0	0	0	0	0	0	0	0	0
569	2016-05-11 00:16:37.53	2016-05-11 00:16:37.54	6	-1	1	0	0	0	0	0	0	0	0	0	0
569	2016-05-11 00:16:47.23	2016-05-11 00:16:47.76	6	-1	1	0	0	0	0	0	0	0	0	0	0
570	2016-05-11 00:16:52.14	2016-05-11 00:16:52.87	6	-1	1	0	0	0	0	0	0	0	0	0	0
570	2016-05-11 00:17:09.20	2016-05-11 00:17:09.70	6	-1	1	0	0	0	0	0	0	0	0	0	0
570	2016-05-11 00:17:17.45	2016-05-11 00:17:17.64	6	-1	1	0	0	0	0	0	0	0	0	0	0
570	2016-05-11 00:17:18.75	2016-05-11 00:17:19.37	6	-1	1	0	0	0	0	0	0	0	0	0	0
570	2016-05-11 00:17:19.51	2016-05-11 00:17:19.95	6	-1	1	0	0	0	0	0	0	0	0	0	0
570	2016-05-11 00:17:20.92	2016-05-11 00:17:21.43	6	-1	1	0	0	0	0	0	0	0	0	0	0
570	2016-05-11 00:17:24.56	2016-05-11 00:17:24.98	6	-1	1	0	0	0	0	0	0	0	0	0	0
571	2016-05-11 00:17:51.15	2016-05-11 00:17:51.34	6	-1	1	0	0	0	0	0	0	0	0	0	0
571	2016-05-11 00:17:51.76	2016-05-11 00:17:51.90	5	1	0	0	0	0	0	0	0	0	0	0	0
571	2016-05-11 00:17:52.20	2016-05-11 00:17:52.31	5	1	0	0	0	0	0	0	0	0	0	0	0
572	2016-05-11 00:17:52.71	2016-05-11 00:17:53.03	5	1	0	0	0	0	0	0	0	0	0	0	0
572	2016-05-11 00:17:53.81	2016-05-11 00:17:54.03	6	-1	1	0	0	0	0	0	0	0	0	0	0
572	2016-05-11 00:17:54.15	2016-05-11 00:17:54.87	6	-1	1	0	0	0	0	0	0	0	0	0	0
572	2016-05-11 00:17:54.96	2016-05-11 00:17:55.01	6	-1	1	0	0	0	0	0	0	0	0	0	0
572	2016-05-11 00:17:55.14	2016-05-11 00:17:55.81	6	-1	1	0	0	0	0	0	0	0	0	0	0
572	2016-05-11 00:17:56.18	2016-05-11 00:17:56.25	6	-1	1	0	0	0	0	0	0	0	0	0	0
572	2016-05-11 00:17:59.06	2016-05-11 00:17:59.07	6	-1	1	0	0	0	0	0	0	0	0	0	0
572	2016-05-11 00:17:59.37	2016-05-11 00:17:59.42	6	-1	1	0	0	0	0	0	0	0	0	0	0
573	2016-05-11 00:18:13.67	2016-05-11 00:18:13.68	6	-1	1	0	0	0	0	0	0	0	0	0	0
573	2016-05-11 00:18:13.73	2016-05-11 00:18:13.75	6	-1	1	0	0	0	0	0	0	0	0	0	0
573	2016-05-11 00:18:27.42	2016-05-11 00:18:28.01	6	-1	1	0	0	0	0	0	0	0	0	0	0
573	2016-05-11 00:18:28.03	2016-05-11 00:18:28.42	6	-1	1	0	0	0	0	0	0	0	0	0	0
573	2016-05-11 00:18:28.71	2016-05-11 00:18:30.62	6	-1	1	0	0	0	0	0	0	0	0	0	0
573	2016-05-11 00:18:30.84	2016-05-11 00:18:30.90	6	-1	1	0	0	0	0	0	0	0	0	0	0
573	2016-05-11 00:18:31.07	2016-05-11 00:18:31.23	6	-1	1	0	0	0	0	0	0	0	0	0	0
573	2016-05-11 00:18:57.28	2016-05-11 00:18:57.65	6	-1	1	0	0	0	0	0	0	0	0	0	0
573	2016-05-11 00:19:00.90	2016-05-11 00:19:01.15	5	1	0	0	0	0	0	0	0	0	0	0	0
573	2016-05-11 00:18:58.82	2016-05-11 00:19:02.50	6	-1	1	0	0	0	0	0	0	0	0	0	0
573	2016-05-11 00:19:02.51	2016-05-11 00:19:03.62	6	-1	1	0	0	0	0	0	0	0	0	0	0
573	2016-05-11 00:19:06.70	2016-05-11 00:19:06.84	6	-1	1	0	0	0	0	0	0	0	0	0	0
573	2016-05-11 00:19:09.01	2016-05-11 00:19:10.12	5	1	0	0	0	0	0	0	0	0	0	0	0
573	2016-05-11 00:19:10.50	2016-05-11 00:19:10.60	5	1	0	0	0	0	0	0	0	0	0	0	0
574	2016-05-11 00:19:12.89	2016-05-11 00:19:12.92	5	1	0	0	0	0	0	0	0	0	0	0	0
574	2016-05-11 00:19:13.32	2016-05-11 00:19:14.78	5	1	0	0	0	0	0	0	0	0	0	0	0
574	2016-05-11 00:19:14.84	2016-05-11 00:19:14.96	5	1	0	0	0	0	0	0	0	0	0	0	0
574	2016-05-11 00:19:15.51	2016-05-11 00:19:16.32	5	1	0	0	0	0	0	0	0	0	0	0	0
576	2016-05-11 00:19:36.17	2016-05-11 00:19:36.40	5	1	0	0	0	0	0	0	0	0	0	0	0
577	2016-05-11 00:19:54.14	2016-05-11 00:19:55.39	6	-1	1	0	0	0	0	0	0	0	0	0	0
577	2016-05-11 00:19:55.56	2016-05-11 00:19:56.04	5	1	0	0	0	0	0	0	0	0	0	0	0
584	2016-05-11 00:20:06.50	2016-05-11 00:20:06.65	5	1	0	0	0	0	0	0	0	0	0	0	0
584	2016-05-11 00:20:06.68	2016-05-11 00:20:07.14	5	1	0	0	0	0	0	0	0	0	0	0	0
584	2016-05-11 00:20:07.65	2016-05-11 00:20:08.32	5	1	0	0	0	0	0	0	0	0	0	0	0
586	2016-05-11 00:20:22.70	2016-05-11 00:20:23.20	5	1	0	0	0	0	0	0	0	0	0	0	0
586	2016-05-11 00:20:46.84	2016-05-11 00:20:47.73	5	1	0	0	0	0	0	0	0	0	0	0	0
586	2016-05-11 00:20:47.56	2016-05-11 00:20:48.40	6	-1	1	0	0	0	0	0	0	0	0	0	0
593	2016-05-11 00:21:33.20	2016-05-11 00:21:33.35	5	1	0	0	0	0	0	0	0	0	0	0	0
593	2016-05-11 00:21:34.84	2016-05-11 00:21:35.09	5	1	0	0	0	0	0	0	0	0	0	0	0
593	2016-05-11 00:21:36.75	2016-05-11 00:21:36.96	6	-1	1	0	0	0	0	0	0	0	0	0	0
595	2016-05-11 00:21:51.42	2016-05-11 00:21:51.60	5	1	0	0	0	0	0	0	0	0	0	0	0
597	2016-05-11 00:22:27.21	2016-05-11 00:22:28.43	5	1	0	0	0	0	0	0	0	0	0	0	0
597	2016-05-11 00:22:42.79	2016-05-11 00:22:43.56	5	1	0	0	0	0	0	0	0	0	0	0	0
598	2016-05-11 00:23:33.90	2016-05-11 00:23:34.07	5	1	0	0	0	0	0	0	0	0	0	0	0
600	2016-05-11 00:24:08.75	2016-05-11 00:24:08.82	5	1	0	0	0	0	0	0	0	0	0	0	0
600	2016-05-11 00:24:09.00	2016-05-11 00:24:09.09	5	1	0	0	0	0	0	0	0	0	0	0	0
600	2016-05-11 00:24:57.90	2016-05-11 00:24:58.17	6	-1	1	0	0	0	0	0	0	0	0	0	0
600	2016-05-11 00:24:58.03	2016-05-11 00:24:59.00	5	1	0	0	0	0	0	0	0	0	0	0	0
600	2016-05-11 00:24:58.82	2016-05-11 00:24:59.82	6	-1	1	0	0	0	0	0	0	0	0	0	0
604	2016-05-11 00:26:31.92	2016-05-11 00:26:32.26	5	1	0	0	0	0	0	0	0	0	0	0	0
604	2016-05-11 00:26:32.04	2016-05-11 00:26:32.62	6	-1	1	0	0	0	0	0	0	0	0	0	0
604	2016-05-11 00:26:32.54	2016-05-11 00:26:32.62	5	1	0	0	0	0	0	0	0	0	0	0	0
604	2016-05-11 00:26:32.65	2016-05-11 00:26:32.85	5	1	0	0	0	0	0	0	0	0	0	0	0
604	2016-05-11 00:26:32.82	2016-05-11 00:26:33.87	6	-1	1	0	0	0	0	0	0	0	0	0	0
604	2016-05-11 00:26:33.89	2016-05-11 00:26:33.95	6	-1	1	0	0	0	0	0	0	0	0	0	0
604	2016-05-11 00:26:34.25	2016-05-11 00:26:34.28	6	-1	1	0	0	0	0	0	0	0	0	0	0
609	2016-05-11 00:27:28.85	2016-05-11 00:27:29.48	5	1	0	0	0	0	0	0	0	0	0	0	0
610	2016-05-11 00:27:36.18	2016-05-11 00:27:36.96	5	1	0	0	0	0	0	0	0	0	0	0	0
610	2016-05-11 00:28:23.35	2016-05-11 00:28:23.53	6	-1	1	0	0	0	0	0	0	0	0	0	0
610	2016-05-11 00:28:23.62	2016-05-11 00:28:23.65	6	-1	1	0	0	0	0	0	0	0	0	0	0
610	2016-05-11 00:28:27.64	2016-05-11 00:28:27.81	6	-1	1	0	0	0	0	0	0	0	0	0	0
610	2016-05-11 00:28:27.65	2016-05-11 00:28:28.25	5	1	0	0	0	0	0	0	0	0	0	0	0
610	2016-05-11 00:28:27.95	2016-05-11 00:28:29.01	6	-1	1	0	0	0	0	0	0	0	0	0	0
612	2016-05-11 00:28:46.34	2016-05-11 00:28:46.53	5	1	0	0	0	0	0	0	0	0	0	0	0
612	2016-05-11 00:28:57.06	2016-05-11 00:28:57.53	5	1	0	0	0	0	0	0	0	0	0	0	0
614	2016-05-11 00:29:33.75	2016-05-11 00:29:34.28	5	1	0	0	0	0	0	0	0	0	0	0	0
614	2016-05-11 00:30:41.81	2016-05-11 00:30:42.01	5	1	0	0	0	0	0	0	0	0	0	0	0
614	2016-05-11 00:30:51.03	2016-05-11 00:30:51.21	5	1	0	0	0	0	0	0	0	0	0	0	0
614	2016-05-11 00:30:51.26	2016-05-11 00:30:51.32	5	1	0	0	0	0	0	0	0	0	0	0	0
614	2016-05-11 00:30:50.98	2016-05-11 00:30:51.56	6	-1	1	0	0	0	0	0	0	0	0	0	0
614	2016-05-11 00:30:52.18	2016-05-11 00:30:52.29	5	1	0	0	0	0	0	0	0	0	0	0	0
614	2016-05-11 00:30:52.15	2016-05-11 00:30:53.95	6	-1	1	0	0	0	0	0	0	0	0	0	0
617	2016-05-11 00:31:16.45	2016-05-11 00:31:17.14	5	1	0	0	0	0	0	0	0	0	0	0	0
617	2016-05-11 00:31:18.25	2016-05-11 00:31:18.45	6	-1	1	0	0	0	0	0	0	0	0	0	0
617	2016-05-11 00:31:20.20	2016-05-11 00:31:20.21	6	-1	1	0	0	0	0	0	0	0	0	0	0
617	2016-05-11 00:31:20.31	2016-05-11 00:31:20.39	6	-1	1	0	0	0	0	0	0	0	0	0	0
617	2016-05-11 00:31:24.59	2016-05-11 00:31:25.34	6	-1	1	0	0	0	0	0	0	0	0	0	0
617	2016-05-11 00:31:49.01	2016-05-11 00:31:49.37	5	1	0	0	0	0	0	0	0	0	0	0	0
618	2016-05-11 00:32:02.01	2016-05-11 00:32:02.43	5	1	0	0	0	0	0	0	0	0	0	0	0
619	2016-05-11 00:32:08.46	2016-05-11 00:32:08.67	6	-1	1	0	0	0	0	0	0	0	0	0	0
619	2016-05-11 00:32:36.39	2016-05-11 00:32:36.53	5	1	0	0	0	0	0	0	0	0	0	0	0
619	2016-05-11 00:32:37.78	2016-05-11 00:32:37.90	6	-1	1	0	0	0	0	0	0	0	0	0	0
619	2016-05-11 00:32:41.92	2016-05-11 00:32:42.81	5	1	0	0	0	0	0	0	0	0	0	0	0
619	2016-05-11 00:32:43.54	2016-05-11 00:32:43.81	5	1	0	0	0	0	0	0	0	0	0	0	0
619	2016-05-11 00:32:43.96	2016-05-11 00:32:43.96	5	1	0	0	0	0	0	0	0	0	0	0	0
619	2016-05-11 00:32:48.32	2016-05-11 00:32:48.43	5	1	0	0	0	0	0	0	0	0	0	0	0
619	2016-05-11 00:32:48.67	2016-05-11 00:32:48.73	6	-1	1	0	0	0	0	0	0	0	0	0	0
619	2016-05-11 00:32:48.76	2016-05-11 00:32:48.79	5	1	0	0	0	0	0	0	0	0	0	0	0
619	2016-05-11 00:32:48.78	2016-05-11 00:32:49.40	6	-1	1	0	0	0	0	0	0	0	0	0	0
619	2016-05-11 00:32:48.87	2016-05-11 00:32:50.12	5	1	0	0	0	0	0	0	0	0	0	0	0
619	2016-05-11 00:32:50.00	2016-05-11 00:32:52.45	6	-1	1	0	0	0	0	0	0	0	0	0	0
620	2016-05-11 00:33:13.10	2016-05-11 00:33:14.07	5	1	0	0	0	0	0	0	0	0	0	0	0
620	2016-05-11 00:33:14.31	2016-05-11 00:33:14.42	5	1	0	0	0	0	0	0	0	0	0	0	0
620	2016-05-11 00:33:14.71	2016-05-11 00:33:15.39	5	1	0	0	0	0	0	0	0	0	0	0	0
620	2016-05-11 00:33:20.00	2016-05-11 00:33:20.28	5	1	0	0	0	0	0	0	0	0	0	0	0
620	2016-05-11 00:33:20.32	2016-05-11 00:33:20.39	5	1	0	0	0	0	0	0	0	0	0	0	0
620	2016-05-11 00:33:21.75	2016-05-11 00:33:22.15	5	1	0	0	0	0	0	0	0	0	0	0	0
620	2016-05-11 00:33:22.17	2016-05-11 00:33:22.29	5	1	0	0	0	0	0	0	0	0	0	0	0
622	2016-05-11 00:33:34.57	2016-05-11 00:33:34.71	6	-1	1	0	0	0	0	0	0	0	0	0	0
623	2016-05-11 00:33:57.48	2016-05-11 00:33:57.82	5	1	0	0	0	0	0	0	0	0	0	0	0
623	2016-05-11 00:34:02.90	2016-05-11 00:34:02.90	5	1	0	0	0	0	0	0	0	0	0	0	0
623	2016-05-11 00:34:02.93	2016-05-11 00:34:03.31	6	-1	1	0	0	0	0	0	0	0	0	0	0
623	2016-05-11 00:34:02.95	2016-05-11 00:34:03.57	5	1	0	0	0	0	0	0	0	0	0	0	0
623	2016-05-11 00:34:03.59	2016-05-11 00:34:05.00	6	-1	1	0	0	0	0	0	0	0	0	0	0
627	2016-05-11 00:34:43.96	2016-05-11 00:34:44.04	5	1	0	0	0	0	0	0	0	0	0	0	0
627	2016-05-11 00:34:44.25	2016-05-11 00:34:44.51	5	1	0	0	0	0	0	0	0	0	0	0	0
629	2016-05-11 00:34:54.15	2016-05-11 00:34:54.39	5	1	0	0	0	0	0	0	0	0	0	0	0
633	2016-05-11 00:39:38.75	2016-05-11 00:39:39.18	6	-1	1	0	0	0	0	0	0	0	0	0	0
634	2016-05-11 00:40:08.31	2016-05-11 00:40:09.28	6	-1	1	0	0	0	0	0	0	0	0	0	0
634	2016-05-11 00:40:20.50	2016-05-11 00:40:20.67	6	-1	1	0	0	0	0	0	0	0	0	0	0
634	2016-05-11 00:40:24.00	2016-05-11 00:40:24.18	6	-1	1	0	0	0	0	0	0	0	0	0	0
634	2016-05-11 00:40:24.28	2016-05-11 00:40:24.29	6	-1	1	0	0	0	0	0	0	0	0	0	0
634	2016-05-11 00:40:26.00	2016-05-11 00:40:26.01	6	-1	1	0	0	0	0	0	0	0	0	0	0
635	2016-05-11 00:40:35.89	2016-05-11 00:40:36.04	6	-1	1	0	0	0	0	0	0	0	0	0	0
635	2016-05-11 00:40:36.76	2016-05-11 00:40:36.82	6	-1	1	0	0	0	0	0	0	0	0	0	0
636	2016-05-11 00:40:44.15	2016-05-11 00:40:44.62	6	-1	1	0	0	0	0	0	0	0	0	0	0
636	2016-05-11 00:40:46.29	2016-05-11 00:40:46.57	6	-1	1	0	0	0	0	0	0	0	0	0	0
636	2016-05-11 00:40:46.64	2016-05-11 00:40:47.51	6	-1	1	0	0	0	0	0	0	0	0	0	0
636	2016-05-11 00:40:53.65	2016-05-11 00:40:54.87	6	-1	1	0	0	0	0	0	0	0	0	0	0
636	2016-05-11 00:40:56.65	2016-05-11 00:40:57.03	6	-1	1	0	0	0	0	0	0	0	0	0	0
636	2016-05-11 00:41:03.54	2016-05-11 00:41:04.21	6	-1	1	0	0	0	0	0	0	0	0	0	0
636	2016-05-11 00:41:04.70	2016-05-11 00:41:04.79	6	-1	1	0	0	0	0	0	0	0	0	0	0
636	2016-05-11 00:41:05.46	2016-05-11 00:41:06.03	6	-1	1	0	0	0	0	0	0	0	0	0	0
636	2016-05-11 00:41:06.12	2016-05-11 00:41:06.15	6	-1	1	0	0	0	0	0	0	0	0	0	0
639	2016-05-11 00:41:42.21	2016-05-11 00:41:42.34	5	1	0	0	0	0	0	0	0	0	0	0	0
639	2016-05-11 00:41:51.78	2016-05-11 00:41:52.23	5	1	0	0	0	0	0	0	0	0	0	0	0
639	2016-05-11 00:41:55.17	2016-05-11 00:41:55.21	5	1	0	0	0	0	0	0	0	0	0	0	0
639	2016-05-11 00:41:55.31	2016-05-11 00:41:55.35	5	1	0	0	0	0	0	0	0	0	0	0	0
639	2016-05-11 00:41:55.35	2016-05-11 00:41:56.75	5	1	0	0	0	0	0	0	0	0	0	0	0
639	2016-05-11 00:41:59.39	2016-05-11 00:42:00.65	5	1	0	0	0	0	0	0	0	0	0	0	0
639	2016-05-11 00:42:00.48	2016-05-11 00:42:01.54	6	-1	1	0	0	0	0	0	0	0	0	0	0
643	2016-05-11 00:43:04.64	2016-05-11 00:43:05.17	6	-1	1	0	0	0	0	0	0	0	0	0	0
643	2016-05-11 00:44:33.17	2016-05-11 00:44:33.35	5	1	0	0	0	0	0	0	0	0	0	0	0
643	2016-05-11 00:44:33.53	2016-05-11 00:44:34.64	5	1	0	0	0	0	0	0	0	0	0	0	0
645	2016-05-11 00:45:31.39	2016-05-11 00:45:32.57	5	1	0	0	0	0	0	0	0	0	0	0	0
647	2016-05-11 00:46:16.00	2016-05-11 00:46:16.25	5	1	0	0	0	0	0	0	0	0	0	0	0
650	2016-05-11 00:47:52.42	2016-05-11 00:47:53.03	5	1	0	0	0	0	0	0	0	0	0	0	0
650	2016-05-11 00:48:03.17	2016-05-11 00:48:03.56	6	-1	1	0	0	0	0	0	0	0	0	0	0
651	2016-05-11 00:48:44.40	2016-05-11 00:48:44.65	5	1	0	0	0	0	0	0	0	0	0	0	0
652	2016-05-11 00:48:54.56	2016-05-11 00:48:54.95	5	1	0	0	0	0	0	0	0	0	0	0	0
653	2016-05-11 00:49:07.04	2016-05-11 00:49:07.40	5	1	0	0	0	0	0	0	0	0	0	0	0
653	2016-05-11 00:49:09.09	2016-05-11 00:49:09.18	5	1	0	0	0	0	0	0	0	0	0	0	0
653	2016-05-11 00:49:33.21	2016-05-11 00:49:33.39	6	-1	1	0	0	0	0	0	0	0	0	0	0
656	2016-05-11 00:53:31.07	2016-05-11 00:53:31.09	6	-1	1	0	0	0	0	0	0	0	0	0	0
656	2016-05-11 00:53:31.20	2016-05-11 00:53:31.23	6	-1	1	0	0	0	0	0	0	0	0	0	0
656	2016-05-11 00:53:31.46	2016-05-11 00:53:31.50	6	-1	1	0	0	0	0	0	0	0	0	0	0
656	2016-05-11 00:53:31.59	2016-05-11 00:53:32.29	6	-1	1	0	0	0	0	0	0	0	0	0	0
656	2016-05-11 00:53:36.64	2016-05-11 00:53:36.70	6	-1	1	0	0	0	0	0	0	0	0	0	0
656	2016-05-11 00:53:37.04	2016-05-11 00:53:37.35	6	-1	1	0	0	0	0	0	0	0	0	0	0
656	2016-05-11 00:53:40.70	2016-05-11 00:53:41.01	6	-1	1	0	0	0	0	0	0	0	0	0	0
660	2016-05-11 00:58:37.56	2016-05-11 00:58:38.25	5	1	0	0	0	0	0	0	0	0	0	0	0
661	2016-05-11 00:58:53.50	2016-05-11 00:58:54.26	5	1	0	0	0	0	0	0	0	0	0	0	0
661	2016-05-11 00:58:54.32	2016-05-11 00:58:54.40	5	1	0	0	0	0	0	0	0	0	0	0	0
661	2016-05-11 00:58:54.46	2016-05-11 00:58:54.54	5	1	0	0	0	0	0	0	0	0	0	0	0
661	2016-05-11 00:58:58.03	2016-05-11 00:58:58.43	5	1	0	0	0	0	0	0	0	0	0	0	0
661	2016-05-11 00:58:59.50	2016-05-11 00:58:59.53	5	1	0	0	0	0	0	0	0	0	0	0	0
661	2016-05-11 00:58:59.98	2016-05-11 00:59:00.51	5	1	0	0	0	0	0	0	0	0	0	0	0
662	2016-05-11 00:59:30.03	2016-05-11 00:59:30.93	5	1	0	0	0	0	0	0	0	0	0	0	0
662	2016-05-11 00:59:32.82	2016-05-11 00:59:33.45	5	1	0	0	0	0	0	0	0	0	0	0	0
662	2016-05-11 01:00:06.32	2016-05-11 01:00:06.68	6	-1	1	0	0	0	0	0	0	0	0	0	0
664	2016-05-11 01:05:29.25	2016-05-11 01:05:30.43	6	-1	1	0	0	0	0	0	0	0	0	0	0
664	2016-05-11 01:05:32.70	2016-05-11 01:05:33.87	5	1	0	0	0	0	0	0	0	0	0	0	0
665	2016-05-11 01:06:20.51	2016-05-11 01:06:21.28	5	1	0	0	0	0	0	0	0	0	0	0	0
665	2016-05-11 01:06:23.29	2016-05-11 01:06:24.09	5	1	0	0	0	0	0	0	0	0	0	0	0
667	2016-05-11 01:07:21.50	2016-05-11 01:07:21.75	6	-1	1	0	0	0	0	0	0	0	0	0	0
668	2016-05-11 01:07:40.51	2016-05-11 01:07:40.75	6	-1	1	0	0	0	0	0	0	0	0	0	0
668	2016-05-11 01:07:40.82	2016-05-11 01:07:40.89	6	-1	1	0	0	0	0	0	0	0	0	0	0
668	2016-05-11 01:07:41.14	2016-05-11 01:07:41.53	5	1	0	0	0	0	0	0	0	0	0	0	0
668	2016-05-11 01:07:40.92	2016-05-11 01:07:42.87	6	-1	1	0	0	0	0	0	0	0	0	0	0
672	2016-05-11 01:08:03.73	2016-05-11 01:08:04.21	6	-1	1	0	0	0	0	0	0	0	0	0	0
673	2016-05-11 01:08:12.62	2016-05-11 01:08:12.76	6	-1	1	0	0	0	0	0	0	0	0	0	0
673	2016-05-11 01:08:43.07	2016-05-11 01:08:44.21	6	-1	1	0	0	0	0	0	0	0	0	0	0
674	2016-05-11 01:08:48.10	2016-05-11 01:08:48.71	6	-1	1	0	0	0	0	0	0	0	0	0	0
674	2016-05-11 01:08:48.46	2016-05-11 01:08:49.75	5	1	0	0	0	0	0	0	0	0	0	0	0
674	2016-05-11 01:08:49.31	2016-05-11 01:08:52.20	6	-1	1	0	0	0	0	0	0	0	0	0	0
675	2016-05-11 01:09:14.01	2016-05-11 01:09:14.48	5	1	0	0	0	0	0	0	0	0	0	0	0
675	2016-05-11 01:09:35.53	2016-05-11 01:09:36.40	5	1	0	0	0	0	0	0	0	0	0	0	0
675	2016-05-11 01:09:43.71	2016-05-11 01:09:44.39	5	1	0	0	0	0	0	0	0	0	0	0	0
675	2016-05-11 01:09:47.01	2016-05-11 01:09:47.35	6	-1	1	0	0	0	0	0	0	0	0	0	0
677	2016-05-11 01:10:10.03	2016-05-11 01:10:10.15	6	-1	1	0	0	0	0	0	0	0	0	0	0
677	2016-05-11 01:10:15.40	2016-05-11 01:10:15.43	5	1	0	0	0	0	0	0	0	0	0	0	0
678	2016-05-11 01:11:19.20	2016-05-11 01:11:20.60	6	-1	1	0	0	0	0	0	0	0	0	0	0
678	2016-05-11 01:11:20.67	2016-05-11 01:11:20.68	6	-1	1	0	0	0	0	0	0	0	0	0	0
680	2016-05-11 01:16:27.37	2016-05-11 01:16:27.45	6	-1	1	0	0	0	0	0	0	0	0	0	0
680	2016-05-11 01:16:30.70	2016-05-11 01:16:31.39	6	-1	1	0	0	0	0	0	0	0	0	0	0
680	2016-05-11 01:16:33.85	2016-05-11 01:16:34.59	6	-1	1	0	0	0	0	0	0	0	0	0	0
680	2016-05-11 01:16:35.25	2016-05-11 01:16:36.20	6	-1	1	0	0	0	0	0	0	0	0	0	0
680	2016-05-11 01:16:43.92	2016-05-11 01:16:44.14	5	1	0	0	0	0	0	0	0	0	0	0	0
680	2016-05-11 01:16:46.42	2016-05-11 01:16:46.46	6	-1	1	0	0	0	0	0	0	0	0	0	0
681	2016-05-11 01:17:01.56	2016-05-11 01:17:02.12	5	1	0	0	0	0	0	0	0	0	0	0	0
682	2016-05-11 01:27:11.15	2016-05-11 01:27:11.64	5	1	0	0	0	0	0	0	0	0	0	0	0
682	2016-05-11 01:27:23.75	2016-05-11 01:27:24.40	5	1	0	0	0	0	0	0	0	0	0	0	0
683	2016-05-11 01:37:55.43	2016-05-11 01:37:56.25	5	1	0	0	0	0	0	0	0	0	0	0	0
683	2016-05-11 01:38:11.07	2016-05-11 01:38:11.07	6	-1	1	0	0	0	0	0	0	0	0	0	0
683	2016-05-11 01:38:11.12	2016-05-11 01:38:11.31	6	-1	1	0	0	0	0	0	0	0	0	0	0
684	2016-05-11 01:38:24.53	2016-05-11 01:38:24.54	6	-1	1	0	0	0	0	0	0	0	0	0	0
687	2016-05-11 01:49:33.76	2016-05-11 01:49:34.03	6	-1	1	0	0	0	0	0	0	0	0	0	0
687	2016-05-11 01:49:40.82	2016-05-11 01:49:41.26	5	1	0	0	0	0	0	0	0	0	0	0	0
688	2016-05-11 01:50:24.79	2016-05-11 01:50:24.81	5	1	0	0	0	0	0	0	0	0	0	0	0
691	2016-05-11 01:58:22.46	2016-05-11 01:58:22.50	5	1	0	0	0	0	0	0	0	0	0	0	0
691	2016-05-11 01:58:22.53	2016-05-11 01:58:22.65	5	1	0	0	0	0	0	0	0	0	0	0	0
692	2016-05-11 03:05:44.00	2016-05-11 03:05:44.93	5	1	0	0	0	0	0	0	0	0	0	0	0
694	2016-05-11 04:49:17.93	2016-05-11 04:49:18.46	5	1	0	0	0	0	0	0	0	0	0	0	0
696	2016-05-11 05:04:25.07	2016-05-11 05:04:25.75	5	1	0	0	0	0	0	0	0	0	0	0	0
698	2016-05-11 05:26:06.32	2016-05-11 05:26:06.57	6	-1	1	0	0	0	0	0	0	0	0	0	0
704	2016-05-11 07:00:20.43	2016-05-11 07:00:20.81	5	1	0	0	0	0	0	0	0	0	0	0	0
707	2016-05-11 07:06:32.21	2016-05-11 07:06:32.76	5	1	0	0	0	0	0	0	0	0	0	0	0
708	2016-05-11 07:08:24.04	2016-05-11 07:08:25.10	5	1	0	0	0	0	0	0	0	0	0	0	0
708	2016-05-11 07:09:53.40	2016-05-11 07:09:53.67	5	1	0	0	0	0	0	0	0	0	0	0	0
710	2016-05-11 07:12:55.43	2016-05-11 07:12:56.00	6	-1	1	0	0	0	0	0	0	0	0	0	0
710	2016-05-11 07:12:57.43	2016-05-11 07:12:58.10	5	1	0	0	0	0	0	0	0	0	0	0	0
710	2016-05-11 07:13:09.60	2016-05-11 07:13:09.62	5	1	0	0	0	0	0	0	0	0	0	0	0
710	2016-05-11 07:13:10.93	2016-05-11 07:13:11.48	5	1	0	0	0	0	0	0	0	0	0	0	0
710	2016-05-11 07:13:51.54	2016-05-11 07:13:51.87	6	-1	1	0	0	0	0	0	0	0	0	0	0
711	2016-05-11 07:15:23.89	2016-05-11 07:15:24.04	6	-1	1	0	0	0	0	0	0	0	0	0	0
713	2016-05-11 07:21:42.50	2016-05-11 07:21:43.35	5	1	0	0	0	0	0	0	0	0	0	0	0
713	2016-05-11 07:21:44.89	2016-05-11 07:21:45.73	5	1	0	0	0	0	0	0	0	0	0	0	0
714	2016-05-11 07:36:17.25	2016-05-11 07:36:17.90	6	-1	1	0	0	0	0	0	0	0	0	0	0
714	2016-05-11 07:36:19.37	2016-05-11 07:36:20.06	6	-1	1	0	0	0	0	0	0	0	0	0	0
714	2016-05-11 07:36:22.45	2016-05-11 07:36:22.84	6	-1	1	0	0	0	0	0	0	0	0	0	0
715	2016-05-11 07:37:50.64	2016-05-11 07:37:50.78	5	1	0	0	0	0	0	0	0	0	0	0	0
715	2016-05-11 07:37:50.92	2016-05-11 07:37:52.04	5	1	0	0	0	0	0	0	0	0	0	0	0
716	2016-05-11 08:41:21.10	2016-05-11 08:41:21.45	5	1	0	0	0	0	0	0	0	0	0	0	0
719	2016-05-11 09:12:37.17	2016-05-11 09:12:37.92	5	1	0	0	0	0	0	0	0	0	0	0	0
722	2016-05-11 10:49:21.79	2016-05-11 10:49:22.70	5	1	0	0	0	0	0	0	0	0	0	0	0
724	2016-05-11 10:56:15.25	2016-05-11 10:56:15.87	5	1	0	0	0	0	0	0	0	0	0	0	0
725	2016-05-11 10:58:24.81	2016-05-11 10:58:25.07	5	1	0	0	0	0	0	0	0	0	0	0	0
726	2016-05-11 11:00:19.01	2016-05-11 11:00:19.65	5	1	0	0	0	0	0	0	0	0	0	0	0
729	2016-05-11 11:08:42.28	2016-05-11 11:08:42.90	5	1	0	0	0	0	0	0	0	0	0	0	0
