VisitID	Start	End	Side	SideCondition	SideError	TimeError	ConditionError	LickNumber	LickContactTime	LickDuration	AirState	DoorState	LED1State	LED2State	LED3State
0	2016-05-23 18:31:55.84	2016-05-23 18:31:57.34	5	1	0	0	0	0	0	0	0	0	0	0	0
1	2016-05-23 18:32:20.01	2016-05-23 18:32:20.71	5	1	0	0	0	0	0	0	0	0	0	0	0
1	2016-05-23 18:32:22.71	2016-05-23 18:32:22.73	6	-1	1	0	0	0	0	0	0	0	0	0	0
1	2016-05-23 18:32:22.71	2016-05-23 18:32:22.76	5	1	0	0	0	0	0	0	0	0	0	0	0
1	2016-05-23 18:32:22.78	2016-05-23 18:32:22.92	6	-1	1	0	0	0	0	0	0	0	0	0	0
1	2016-05-23 18:32:23.00	2016-05-23 18:32:23.10	6	-1	1	0	0	0	0	0	0	0	0	0	0
1	2016-05-23 18:32:23.12	2016-05-23 18:32:23.21	6	-1	1	0	0	0	0	0	0	0	0	0	0
1	2016-05-23 18:32:23.48	2016-05-23 18:32:23.57	6	-1	1	0	0	0	0	0	0	0	0	0	0
1	2016-05-23 18:32:23.45	2016-05-23 18:32:24.23	5	1	0	0	0	0	0	0	0	0	0	0	0
1	2016-05-23 18:32:24.46	2016-05-23 18:32:26.25	5	1	0	0	0	0	0	0	0	0	0	0	0
2	2016-05-23 18:32:42.18	2016-05-23 18:32:42.76	5	1	0	0	0	0	0	0	0	0	0	0	0
2	2016-05-23 18:32:46.20	2016-05-23 18:32:46.48	6	-1	1	0	0	0	0	0	0	0	0	0	0
2	2016-05-23 18:32:48.54	2016-05-23 18:32:51.18	5	1	0	0	0	0	0	0	0	0	0	0	0
2	2016-05-23 18:32:51.23	2016-05-23 18:32:51.26	5	1	0	0	0	0	0	0	0	0	0	0	0
5	2016-05-23 18:37:55.26	2016-05-23 18:37:55.59	5	1	0	0	0	0	0	0	0	0	0	0	0
6	2016-05-23 18:38:00.03	2016-05-23 18:38:00.51	5	1	0	0	0	0	0	0	0	0	0	0	0
6	2016-05-23 18:38:02.57	2016-05-23 18:38:03.14	6	-1	1	0	0	0	0	0	0	0	0	0	0
6	2016-05-23 18:38:09.56	2016-05-23 18:38:10.04	5	1	0	0	0	0	0	0	0	0	0	0	0
7	2016-05-23 18:40:58.18	2016-05-23 18:40:58.62	5	1	0	0	0	0	0	0	0	0	0	0	0
11	2016-05-23 18:41:38.59	2016-05-23 18:41:40.78	5	1	0	0	0	0	0	0	0	0	0	0	0
11	2016-05-23 18:41:45.20	2016-05-23 18:41:45.53	6	-1	1	0	0	0	0	0	0	0	0	0	0
11	2016-05-23 18:41:45.56	2016-05-23 18:41:45.89	6	-1	1	0	0	0	0	0	0	0	0	0	0
12	2016-05-23 18:42:06.20	2016-05-23 18:42:06.79	5	1	0	0	0	0	0	0	0	0	0	0	0
13	2016-05-23 19:34:13.48	2016-05-23 19:34:14.35	5	1	0	1	0	0	0	0	0	0	0	0	0
14	2016-05-23 19:35:30.96	2016-05-23 19:35:39.00	5	1	0	0	0	20	0.642	2	0	0	0	0	0
15	2016-05-23 19:35:53.78	2016-05-23 19:36:05.32	5	1	0	0	0	13	0.304	1.265625	0	0	0	0	0
15	2016-05-23 19:36:05.59	2016-05-23 19:36:06.01	5	1	0	1	0	0	0	0	0	0	0	0	0
16	2016-05-23 19:36:12.39	2016-05-23 19:36:33.29	5	1	0	0	0	17	0.544	1.75	0	0	0	0	0
17	2016-05-23 19:36:39.00	2016-05-23 19:37:04.15	5	1	0	0	0	16	0.516	1.640625	0	0	0	0	0
18	2016-05-23 19:37:09.84	2016-05-23 19:37:35.62	5	1	0	0	0	10	0.247	0.984375	0	0	0	0	0
19	2016-05-23 19:37:40.39	2016-05-23 19:37:48.32	5	1	0	0	0	14	0.445	1.375	0	0	0	0	0
20	2016-05-23 19:37:54.45	2016-05-23 19:38:16.51	5	1	0	0	0	14	0.418	1.34375	0	0	0	0	0
21	2016-05-23 19:38:23.60	2016-05-23 19:38:35.10	5	1	0	0	0	17	0.393	1.671875	0	0	0	0	0
22	2016-05-23 19:38:40.42	2016-05-23 19:38:46.12	5	1	0	0	0	24	1.464	2.984375	0	0	0	0	0
23	2016-05-23 19:38:52.64	2016-05-23 19:38:58.56	5	1	0	0	0	20	0.544	1.8125	0	0	0	0	0
24	2016-05-23 19:39:04.89	2016-05-23 19:39:14.31	5	1	0	0	0	27	0.803	2.625	0	0	0	0	0
25	2016-05-23 19:39:19.45	2016-05-23 19:39:28.78	5	1	0	0	0	17	0.366	1.515625	0	0	0	0	0
26	2016-05-23 19:39:40.31	2016-05-23 19:39:47.50	5	1	0	0	0	24	0.747	2.390625	0	0	0	0	0
26	2016-05-23 19:39:53.46	2016-05-23 19:39:53.67	5	1	0	1	0	0	0	0	0	0	0	0	0
26	2016-05-23 19:39:55.14	2016-05-23 19:39:55.85	5	1	0	1	0	0	0	0	0	0	0	0	0
27	2016-05-23 19:40:33.15	2016-05-23 19:40:34.00	5	1	0	1	0	0	0	0	0	0	0	0	0
27	2016-05-23 19:40:34.17	2016-05-23 19:40:34.46	5	1	0	1	0	0	0	0	0	0	0	0	0
28	2016-05-23 19:41:36.87	2016-05-23 19:41:44.31	5	1	0	0	0	39	2.176	4.125	0	0	0	0	0
29	2016-05-23 19:41:55.54	2016-05-23 19:42:03.46	5	1	0	0	0	22	1.347	2.65625	0	0	0	0	0
30	2016-05-23 19:42:09.79	2016-05-23 19:42:09.87	5	1	0	1	0	0	0	0	0	0	0	0	0
30	2016-05-23 19:42:13.48	2016-05-23 19:42:13.60	5	1	0	1	0	0	0	0	0	0	0	0	0
31	2016-05-23 19:42:55.28	2016-05-23 19:43:04.14	5	1	0	0	0	40	2.332	4.421875	0	0	0	0	0
32	2016-05-23 19:43:09.06	2016-05-23 19:43:09.12	5	1	0	0	0	0	0	0	0	0	0	0	0
32	2016-05-23 19:43:09.23	2016-05-23 19:43:19.00	5	1	0	0	0	29	0.857	2.578125	0	0	0	0	0
33	2016-05-23 19:43:45.28	2016-05-23 19:43:51.43	5	1	0	0	0	17	0.517	1.65625	0	0	0	0	0
34	2016-05-23 19:43:57.82	2016-05-23 19:43:58.01	5	1	0	1	0	0	0	0	0	0	0	0	0
35	2016-05-23 19:44:18.60	2016-05-23 19:44:24.09	5	1	0	0	0	26	1.767	3.09375	0	0	0	0	0
36	2016-05-23 19:44:32.81	2016-05-23 19:44:39.67	5	1	0	0	0	27	0.855	2.609375	0	0	0	0	0
37	2016-05-23 19:44:47.59	2016-05-23 19:44:59.18	5	1	0	0	0	40	2.253	3.90625	0	0	0	0	0
38	2016-05-23 19:45:21.20	2016-05-23 19:45:21.93	5	1	0	1	0	0	0	0	0	0	0	0	0
38	2016-05-23 19:45:26.50	2016-05-23 19:45:28.57	5	1	0	1	0	0	0	0	0	0	0	0	0
39	2016-05-23 19:45:42.42	2016-05-23 19:45:48.29	5	1	0	0	0	26	1.557	2.90625	0	0	0	0	0
40	2016-05-23 19:45:53.64	2016-05-23 19:46:03.62	5	1	0	0	0	24	1.349	2.65625	0	0	0	0	0
41	2016-05-23 19:46:20.73	2016-05-23 19:46:29.45	5	1	0	0	0	30	1.407	2.734375	0	0	0	0	0
42	2016-05-23 19:46:46.98	2016-05-23 19:47:01.18	5	1	0	0	0	25	0.757	2.34375	0	0	0	0	0
43	2016-05-23 19:47:05.34	2016-05-23 19:47:21.68	5	1	0	0	0	30	1.41	2.8125	0	0	0	0	0
44	2016-05-23 19:47:26.82	2016-05-23 19:47:38.25	5	1	0	0	0	28	1.338	2.78125	0	0	0	0	0
46	2016-05-23 19:48:18.17	2016-05-23 19:48:44.76	5	1	0	0	0	27	0.782	2.328125	0	0	0	0	0
47	2016-05-23 19:48:53.42	2016-05-23 19:49:13.85	5	1	0	0	0	29	1.073	2.4375	0	0	0	0	0
47	2016-05-23 19:49:14.07	2016-05-23 19:49:14.09	5	1	0	1	0	0	0	0	0	0	0	0	0
48	2016-05-23 19:49:19.81	2016-05-23 19:49:29.62	5	1	0	0	0	24	0.918	2.25	0	0	0	0	0
49	2016-05-23 19:49:57.95	2016-05-23 19:50:11.42	5	1	0	0	0	19	0.666	1.890625	0	0	0	0	0
50	2016-05-23 19:50:29.46	2016-05-23 19:50:39.50	5	1	0	0	0	25	1.71	2.90625	0	0	0	0	0
50	2016-05-23 19:50:47.48	2016-05-23 19:50:47.51	5	1	0	1	0	0	0	0	0	0	0	0	0
51	2016-05-23 19:51:26.17	2016-05-23 19:51:32.06	5	1	0	0	0	26	1.64	2.96875	0	0	0	0	0
52	2016-05-23 19:51:38.09	2016-05-23 19:51:48.70	5	1	0	0	0	23	0.562	2.15625	0	0	0	0	0
53	2016-05-23 19:52:23.40	2016-05-23 19:52:42.90	5	1	0	0	0	28	1.066	2.875	0	0	0	0	0
54	2016-05-23 19:53:05.15	2016-05-23 19:53:27.96	5	1	0	0	0	24	0.562	1.984375	0	0	0	0	0
55	2016-05-23 19:53:42.67	2016-05-23 19:54:04.46	5	1	0	0	0	18	0.405	1.6875	0	0	0	0	0
56	2016-05-23 19:54:21.67	2016-05-23 19:54:28.29	5	1	0	0	0	15	0.375	1.34375	0	0	0	0	0
57	2016-05-23 19:54:32.53	2016-05-23 19:54:38.53	5	1	0	0	0	11	0.346	1.0625	0	0	0	0	0
58	2016-05-23 19:54:44.46	2016-05-23 19:54:58.09	5	1	0	0	0	16	0.45	1.671875	0	0	0	0	0
59	2016-05-23 19:57:40.82	2016-05-23 19:57:50.67	5	1	0	0	0	11	0.317	1.109375	0	0	0	0	0
60	2016-05-23 19:57:58.40	2016-05-23 19:58:12.57	5	1	0	0	0	17	0.558	1.796875	0	0	0	0	0
61	2016-05-23 19:58:27.95	2016-05-23 19:58:29.43	5	1	0	1	0	0	0	0	0	0	0	0	0
62	2016-05-23 19:58:38.28	2016-05-23 19:58:38.29	5	1	0	1	0	0	0	0	0	0	0	0	0
62	2016-05-23 19:58:38.43	2016-05-23 19:58:38.53	5	1	0	1	0	0	0	0	0	0	0	0	0
63	2016-05-23 20:00:32.10	2016-05-23 20:00:43.01	5	1	0	0	0	25	0.934	2.296875	0	0	0	0	0
64	2016-05-23 20:00:49.68	2016-05-23 20:00:57.68	5	1	0	0	0	20	0.487	1.703125	0	0	0	0	0
64	2016-05-23 20:00:57.84	2016-05-23 20:00:58.82	5	1	0	1	0	0	0	0	0	0	0	0	0
64	2016-05-23 20:00:58.89	2016-05-23 20:01:05.32	5	1	0	1	0	0	0	0	0	0	0	0	0
65	2016-05-23 20:01:19.03	2016-05-23 20:01:29.65	5	1	0	0	0	16	0.406	1.578125	0	0	0	0	0
65	2016-05-23 20:01:29.71	2016-05-23 20:01:30.00	5	1	0	1	0	0	0	0	0	0	0	0	0
65	2016-05-23 20:01:30.09	2016-05-23 20:01:30.12	5	1	0	1	0	0	0	0	0	0	0	0	0
65	2016-05-23 20:01:30.21	2016-05-23 20:01:30.26	5	1	0	1	0	0	0	0	0	0	0	0	0
65	2016-05-23 20:01:30.34	2016-05-23 20:01:31.06	5	1	0	1	0	0	0	0	0	0	0	0	0
65	2016-05-23 20:01:31.12	2016-05-23 20:01:31.18	5	1	0	1	0	0	0	0	0	0	0	0	0
65	2016-05-23 20:01:31.20	2016-05-23 20:01:31.28	5	1	0	1	0	0	0	0	0	0	0	0	0
65	2016-05-23 20:01:31.32	2016-05-23 20:01:31.67	5	1	0	1	0	0	0	0	0	0	0	0	0
65	2016-05-23 20:01:31.70	2016-05-23 20:01:31.81	5	1	0	1	0	0	0	0	0	0	0	0	0
65	2016-05-23 20:01:31.89	2016-05-23 20:01:31.93	5	1	0	1	0	0	0	0	0	0	0	0	0
65	2016-05-23 20:01:32.03	2016-05-23 20:01:32.07	5	1	0	1	0	0	0	0	0	0	0	0	0
65	2016-05-23 20:01:32.10	2016-05-23 20:01:32.20	5	1	0	1	0	0	0	0	0	0	0	0	0
65	2016-05-23 20:01:32.23	2016-05-23 20:01:44.21	5	1	0	1	0	0	0	0	0	0	0	0	0
65	2016-05-23 20:01:54.04	2016-05-23 20:01:54.32	5	1	0	1	0	0	0	0	0	0	0	0	0
66	2016-05-23 20:02:25.64	2016-05-23 20:02:32.43	5	1	0	0	0	12	0.374	1.1875	0	0	0	0	0
66	2016-05-23 20:02:32.50	2016-05-23 20:02:32.57	5	1	0	1	0	0	0	0	0	0	0	0	0
66	2016-05-23 20:02:32.64	2016-05-23 20:02:32.95	5	1	0	1	0	0	0	0	0	0	0	0	0
66	2016-05-23 20:02:33.04	2016-05-23 20:02:33.07	5	1	0	1	0	0	0	0	0	0	0	0	0
66	2016-05-23 20:02:33.17	2016-05-23 20:02:33.20	5	1	0	1	0	0	0	0	0	0	0	0	0
66	2016-05-23 20:02:33.29	2016-05-23 20:02:33.34	5	1	0	1	0	0	0	0	0	0	0	0	0
66	2016-05-23 20:02:33.40	2016-05-23 20:02:33.45	5	1	0	1	0	0	0	0	0	0	0	0	0
66	2016-05-23 20:02:33.56	2016-05-23 20:02:33.59	5	1	0	1	0	0	0	0	0	0	0	0	0
66	2016-05-23 20:02:33.68	2016-05-23 20:02:33.71	5	1	0	1	0	0	0	0	0	0	0	0	0
66	2016-05-23 20:02:33.81	2016-05-23 20:02:33.85	5	1	0	1	0	0	0	0	0	0	0	0	0
66	2016-05-23 20:02:33.92	2016-05-23 20:02:34.37	5	1	0	1	0	0	0	0	0	0	0	0	0
66	2016-05-23 20:02:34.39	2016-05-23 20:02:34.50	5	1	0	1	0	0	0	0	0	0	0	0	0
66	2016-05-23 20:02:34.56	2016-05-23 20:02:34.62	5	1	0	1	0	0	0	0	0	0	0	0	0
66	2016-05-23 20:02:34.73	2016-05-23 20:02:34.76	5	1	0	1	0	0	0	0	0	0	0	0	0
66	2016-05-23 20:02:35.10	2016-05-23 20:02:35.15	5	1	0	1	0	0	0	0	0	0	0	0	0
66	2016-05-23 20:02:35.21	2016-05-23 20:02:35.28	5	1	0	1	0	0	0	0	0	0	0	0	0
66	2016-05-23 20:02:35.50	2016-05-23 20:02:35.53	5	1	0	1	0	0	0	0	0	0	0	0	0
66	2016-05-23 20:02:35.76	2016-05-23 20:02:38.45	5	1	0	1	0	0	0	0	0	0	0	0	0
67	2016-05-23 20:02:43.76	2016-05-23 20:02:48.37	5	1	0	0	0	4	0.13	0.4375	0	0	0	0	0
67	2016-05-23 20:02:48.46	2016-05-23 20:02:48.51	5	1	0	1	0	0	0	0	0	0	0	0	0
67	2016-05-23 20:02:48.85	2016-05-23 20:02:49.00	5	1	0	1	0	0	0	0	0	0	0	0	0
67	2016-05-23 20:02:50.32	2016-05-23 20:02:50.35	5	1	0	1	0	0	0	0	0	0	0	0	0
67	2016-05-23 20:02:50.45	2016-05-23 20:02:50.50	5	1	0	1	0	0	0	0	0	0	0	0	0
67	2016-05-23 20:02:50.57	2016-05-23 20:02:50.62	5	1	0	1	0	0	0	0	0	0	0	0	0
67	2016-05-23 20:02:50.70	2016-05-23 20:02:50.89	5	1	0	1	0	0	0	0	0	0	0	0	0
67	2016-05-23 20:02:50.95	2016-05-23 20:02:51.00	5	1	0	1	0	0	0	0	0	0	0	0	0
67	2016-05-23 20:02:51.32	2016-05-23 20:02:51.37	5	1	0	1	0	0	0	0	0	0	0	0	0
67	2016-05-23 20:02:51.45	2016-05-23 20:02:51.48	5	1	0	1	0	0	0	0	0	0	0	0	0
67	2016-05-23 20:02:51.59	2016-05-23 20:02:51.62	5	1	0	1	0	0	0	0	0	0	0	0	0
67	2016-05-23 20:02:52.21	2016-05-23 20:02:52.39	5	1	0	1	0	0	0	0	0	0	0	0	0
67	2016-05-23 20:02:52.45	2016-05-23 20:02:52.50	5	1	0	1	0	0	0	0	0	0	0	0	0
67	2016-05-23 20:02:52.59	2016-05-23 20:02:52.65	5	1	0	1	0	0	0	0	0	0	0	0	0
67	2016-05-23 20:02:52.73	2016-05-23 20:02:52.78	5	1	0	1	0	0	0	0	0	0	0	0	0
67	2016-05-23 20:02:52.87	2016-05-23 20:02:52.92	5	1	0	1	0	0	0	0	0	0	0	0	0
67	2016-05-23 20:02:53.12	2016-05-23 20:02:53.17	5	1	0	1	0	0	0	0	0	0	0	0	0
67	2016-05-23 20:02:53.25	2016-05-23 20:02:53.28	5	1	0	1	0	0	0	0	0	0	0	0	0
67	2016-05-23 20:02:53.31	2016-05-23 20:02:53.65	5	1	0	1	0	0	0	0	0	0	0	0	0
67	2016-05-23 20:02:53.76	2016-05-23 20:02:53.78	5	1	0	1	0	0	0	0	0	0	0	0	0
67	2016-05-23 20:02:53.89	2016-05-23 20:02:53.93	5	1	0	1	0	0	0	0	0	0	0	0	0
67	2016-05-23 20:02:54.03	2016-05-23 20:02:59.23	5	1	0	1	0	0	0	0	0	0	0	0	0
68	2016-05-23 20:03:07.70	2016-05-23 20:03:12.87	5	1	0	0	0	14	0.428	1.3125	0	0	0	0	0
68	2016-05-23 20:03:12.95	2016-05-23 20:03:12.98	5	1	0	1	0	0	0	0	0	0	0	0	0
68	2016-05-23 20:03:13.45	2016-05-23 20:03:13.71	5	1	0	1	0	0	0	0	0	0	0	0	0
68	2016-05-23 20:03:14.04	2016-05-23 20:03:14.20	5	1	0	1	0	0	0	0	0	0	0	0	0
68	2016-05-23 20:03:14.95	2016-05-23 20:03:14.98	5	1	0	1	0	0	0	0	0	0	0	0	0
68	2016-05-23 20:03:15.06	2016-05-23 20:03:15.34	5	1	0	1	0	0	0	0	0	0	0	0	0
68	2016-05-23 20:03:15.68	2016-05-23 20:03:15.71	5	1	0	1	0	0	0	0	0	0	0	0	0
68	2016-05-23 20:03:15.78	2016-05-23 20:03:16.10	5	1	0	1	0	0	0	0	0	0	0	0	0
68	2016-05-23 20:03:16.18	2016-05-23 20:03:16.23	5	1	0	1	0	0	0	0	0	0	0	0	0
68	2016-05-23 20:03:16.31	2016-05-23 20:03:16.37	5	1	0	1	0	0	0	0	0	0	0	0	0
68	2016-05-23 20:03:16.45	2016-05-23 20:03:16.64	5	1	0	1	0	0	0	0	0	0	0	0	0
68	2016-05-23 20:03:16.71	2016-05-23 20:03:16.76	5	1	0	1	0	0	0	0	0	0	0	0	0
68	2016-05-23 20:03:17.00	2016-05-23 20:03:17.01	5	1	0	1	0	0	0	0	0	0	0	0	0
68	2016-05-23 20:03:17.12	2016-05-23 20:03:17.15	5	1	0	1	0	0	0	0	0	0	0	0	0
68	2016-05-23 20:03:17.39	2016-05-23 20:03:17.42	5	1	0	1	0	0	0	0	0	0	0	0	0
68	2016-05-23 20:03:17.53	2016-05-23 20:03:17.54	5	1	0	1	0	0	0	0	0	0	0	0	0
68	2016-05-23 20:03:17.64	2016-05-23 20:03:17.68	5	1	0	1	0	0	0	0	0	0	0	0	0
68	2016-05-23 20:03:17.71	2016-05-23 20:03:17.95	5	1	0	1	0	0	0	0	0	0	0	0	0
68	2016-05-23 20:03:18.03	2016-05-23 20:03:18.07	5	1	0	1	0	0	0	0	0	0	0	0	0
68	2016-05-23 20:03:18.15	2016-05-23 20:03:18.20	5	1	0	1	0	0	0	0	0	0	0	0	0
68	2016-05-23 20:03:18.25	2016-05-23 20:03:18.31	5	1	0	1	0	0	0	0	0	0	0	0	0
68	2016-05-23 20:03:18.34	2016-05-23 20:03:18.84	5	1	0	1	0	0	0	0	0	0	0	0	0
68	2016-05-23 20:03:18.90	2016-05-23 20:03:19.35	5	1	0	1	0	0	0	0	0	0	0	0	0
68	2016-05-23 20:03:19.42	2016-05-23 20:03:19.62	5	1	0	1	0	0	0	0	0	0	0	0	0
68	2016-05-23 20:03:19.70	2016-05-23 20:03:19.75	5	1	0	1	0	0	0	0	0	0	0	0	0
68	2016-05-23 20:03:19.85	2016-05-23 20:03:20.31	5	1	0	1	0	0	0	0	0	0	0	0	0
68	2016-05-23 20:03:20.39	2016-05-23 20:03:20.42	5	1	0	1	0	0	0	0	0	0	0	0	0
68	2016-05-23 20:03:20.53	2016-05-23 20:03:20.54	5	1	0	1	0	0	0	0	0	0	0	0	0
68	2016-05-23 20:03:20.65	2016-05-23 20:03:20.68	5	1	0	1	0	0	0	0	0	0	0	0	0
68	2016-05-23 20:03:23.07	2016-05-23 20:03:23.10	5	1	0	1	0	0	0	0	0	0	0	0	0
68	2016-05-23 20:03:23.34	2016-05-23 20:03:23.37	5	1	0	1	0	0	0	0	0	0	0	0	0
68	2016-05-23 20:03:23.40	2016-05-23 20:03:23.51	5	1	0	1	0	0	0	0	0	0	0	0	0
68	2016-05-23 20:03:23.53	2016-05-23 20:03:23.64	5	1	0	1	0	0	0	0	0	0	0	0	0
68	2016-05-23 20:03:23.65	2016-05-23 20:03:23.76	5	1	0	1	0	0	0	0	0	0	0	0	0
68	2016-05-23 20:03:24.56	2016-05-23 20:03:24.60	5	1	0	1	0	0	0	0	0	0	0	0	0
68	2016-05-23 20:03:24.67	2016-05-23 20:03:28.60	5	1	0	1	0	0	0	0	0	0	0	0	0
69	2016-05-23 20:03:36.65	2016-05-23 20:03:58.07	5	1	0	0	0	10	0.246	0.96875	0	0	0	0	0
70	2016-05-23 20:04:04.03	2016-05-23 20:04:09.65	5	1	0	0	0	10	0.275	1.03125	0	0	0	0	0
70	2016-05-23 20:04:09.67	2016-05-23 20:04:09.75	5	1	0	1	0	0	0	0	0	0	0	0	0
70	2016-05-23 20:04:10.20	2016-05-23 20:04:10.76	5	1	0	1	0	0	0	0	0	0	0	0	0
70	2016-05-23 20:04:10.82	2016-05-23 20:04:10.89	5	1	0	1	0	0	0	0	0	0	0	0	0
70	2016-05-23 20:04:10.93	2016-05-23 20:04:11.01	5	1	0	1	0	0	0	0	0	0	0	0	0
70	2016-05-23 20:04:11.09	2016-05-23 20:04:11.14	5	1	0	1	0	0	0	0	0	0	0	0	0
70	2016-05-23 20:04:11.21	2016-05-23 20:04:11.28	5	1	0	1	0	0	0	0	0	0	0	0	0
70	2016-05-23 20:04:11.31	2016-05-23 20:04:13.21	5	1	0	1	0	0	0	0	0	0	0	0	0
70	2016-05-23 20:04:13.25	2016-05-23 20:04:24.87	5	1	0	1	0	0	0	0	0	0	0	0	0
71	2016-05-23 20:04:34.20	2016-05-23 20:04:39.64	5	1	0	0	0	12	0.414	1.234375	0	0	0	0	0
71	2016-05-23 20:04:39.70	2016-05-23 20:04:39.75	5	1	0	1	0	0	0	0	0	0	0	0	0
71	2016-05-23 20:04:39.82	2016-05-23 20:04:39.87	5	1	0	1	0	0	0	0	0	0	0	0	0
71	2016-05-23 20:04:39.95	2016-05-23 20:04:40.12	5	1	0	1	0	0	0	0	0	0	0	0	0
71	2016-05-23 20:04:40.20	2016-05-23 20:04:40.25	5	1	0	1	0	0	0	0	0	0	0	0	0
71	2016-05-23 20:04:40.32	2016-05-23 20:04:40.35	5	1	0	1	0	0	0	0	0	0	0	0	0
71	2016-05-23 20:04:40.46	2016-05-23 20:04:40.50	5	1	0	1	0	0	0	0	0	0	0	0	0
71	2016-05-23 20:04:40.98	2016-05-23 20:04:41.03	5	1	0	1	0	0	0	0	0	0	0	0	0
71	2016-05-23 20:04:41.09	2016-05-23 20:04:41.15	5	1	0	1	0	0	0	0	0	0	0	0	0
71	2016-05-23 20:04:41.18	2016-05-23 20:04:41.28	5	1	0	1	0	0	0	0	0	0	0	0	0
71	2016-05-23 20:04:41.31	2016-05-23 20:04:46.84	5	1	0	1	0	0	0	0	0	0	0	0	0
72	2016-05-23 20:04:53.42	2016-05-23 20:04:53.46	5	1	0	0	0	0	0	0	0	0	0	0	0
72	2016-05-23 20:04:53.57	2016-05-23 20:04:58.98	5	1	0	0	0	12	0.427	1.1875	0	0	0	0	0
72	2016-05-23 20:04:59.03	2016-05-23 20:04:59.10	5	1	0	1	0	0	0	0	0	0	0	0	0
72	2016-05-23 20:04:59.18	2016-05-23 20:04:59.25	5	1	0	1	0	0	0	0	0	0	0	0	0
72	2016-05-23 20:04:59.31	2016-05-23 20:05:08.10	5	1	0	1	0	0	0	0	0	0	0	0	0
73	2016-05-23 20:05:15.82	2016-05-23 20:05:20.90	5	1	0	0	0	18	0.474	1.640625	0	0	0	0	0
73	2016-05-23 20:05:20.93	2016-05-23 20:05:21.01	5	1	0	1	0	0	0	0	0	0	0	0	0
73	2016-05-23 20:05:21.07	2016-05-23 20:05:21.14	5	1	0	1	0	0	0	0	0	0	0	0	0
73	2016-05-23 20:05:21.17	2016-05-23 20:05:21.39	5	1	0	1	0	0	0	0	0	0	0	0	0
73	2016-05-23 20:05:21.45	2016-05-23 20:05:21.51	5	1	0	1	0	0	0	0	0	0	0	0	0
73	2016-05-23 20:05:21.56	2016-05-23 20:05:21.90	5	1	0	1	0	0	0	0	0	0	0	0	0
73	2016-05-23 20:05:21.95	2016-05-23 20:05:22.03	5	1	0	1	0	0	0	0	0	0	0	0	0
73	2016-05-23 20:05:22.07	2016-05-23 20:05:22.12	5	1	0	1	0	0	0	0	0	0	0	0	0
73	2016-05-23 20:05:22.59	2016-05-23 20:05:22.64	5	1	0	1	0	0	0	0	0	0	0	0	0
73	2016-05-23 20:05:22.71	2016-05-23 20:05:22.75	5	1	0	1	0	0	0	0	0	0	0	0	0
73	2016-05-23 20:05:22.85	2016-05-23 20:05:22.89	5	1	0	1	0	0	0	0	0	0	0	0	0
73	2016-05-23 20:05:23.51	2016-05-23 20:05:23.56	5	1	0	1	0	0	0	0	0	0	0	0	0
73	2016-05-23 20:05:23.64	2016-05-23 20:05:23.67	5	1	0	1	0	0	0	0	0	0	0	0	0
73	2016-05-23 20:05:23.76	2016-05-23 20:05:23.79	5	1	0	1	0	0	0	0	0	0	0	0	0
73	2016-05-23 20:05:23.89	2016-05-23 20:05:23.92	5	1	0	1	0	0	0	0	0	0	0	0	0
73	2016-05-23 20:05:24.03	2016-05-23 20:05:24.04	5	1	0	1	0	0	0	0	0	0	0	0	0
73	2016-05-23 20:05:24.29	2016-05-23 20:05:24.32	5	1	0	1	0	0	0	0	0	0	0	0	0
73	2016-05-23 20:05:24.40	2016-05-23 20:05:24.45	5	1	0	1	0	0	0	0	0	0	0	0	0
73	2016-05-23 20:05:24.50	2016-05-23 20:05:24.56	5	1	0	1	0	0	0	0	0	0	0	0	0
73	2016-05-23 20:05:24.60	2016-05-23 20:05:24.82	5	1	0	1	0	0	0	0	0	0	0	0	0
73	2016-05-23 20:05:24.92	2016-05-23 20:05:24.93	5	1	0	1	0	0	0	0	0	0	0	0	0
73	2016-05-23 20:05:25.51	2016-05-23 20:05:34.95	5	1	0	1	0	0	0	0	0	0	0	0	0
74	2016-05-23 20:05:41.10	2016-05-23 20:05:47.06	5	1	0	0	0	13	0.277	1.078125	0	0	0	0	0
74	2016-05-23 20:05:47.26	2016-05-23 20:05:47.31	5	1	0	1	0	0	0	0	0	0	0	0	0
74	2016-05-23 20:05:47.39	2016-05-23 20:05:47.43	5	1	0	1	0	0	0	0	0	0	0	0	0
74	2016-05-23 20:05:47.51	2016-05-23 20:05:47.54	5	1	0	1	0	0	0	0	0	0	0	0	0
74	2016-05-23 20:05:47.89	2016-05-23 20:05:48.46	5	1	0	1	0	0	0	0	0	0	0	0	0
74	2016-05-23 20:05:48.56	2016-05-23 20:05:48.60	5	1	0	1	0	0	0	0	0	0	0	0	0
74	2016-05-23 20:05:48.67	2016-05-23 20:05:49.39	5	1	0	1	0	0	0	0	0	0	0	0	0
74	2016-05-23 20:05:49.43	2016-05-23 20:05:55.28	5	1	0	1	0	0	0	0	0	0	0	0	0
74	2016-05-23 20:06:01.21	2016-05-23 20:06:01.26	5	1	0	1	0	0	0	0	0	0	0	0	0
74	2016-05-23 20:06:02.82	2016-05-23 20:06:02.92	5	1	0	1	0	0	0	0	0	0	0	0	0
74	2016-05-23 20:06:06.06	2016-05-23 20:06:06.34	5	1	0	1	0	0	0	0	0	0	0	0	0
75	2016-05-23 20:07:13.81	2016-05-23 20:07:23.29	5	1	0	0	0	17	0.418	1.421875	0	0	0	0	0
76	2016-05-23 20:23:41.92	2016-05-23 20:23:46.82	5	1	0	0	0	9	0.246	0.90625	0	0	0	0	0
77	2016-05-23 20:24:39.14	2016-05-23 20:24:46.17	5	1	0	0	0	31	1.412	3.21875	0	0	0	0	0
78	2016-05-23 20:25:04.15	2016-05-23 20:25:12.65	5	1	0	0	0	28	1.432	2.8125	0	0	0	0	0
79	2016-05-23 20:25:19.71	2016-05-23 20:25:26.48	5	1	0	0	0	24	0.672	2.171875	0	0	0	0	0
80	2016-05-23 20:25:30.85	2016-05-23 20:25:38.39	5	1	0	0	0	6	0.146	0.59375	0	0	0	0	0
81	2016-05-23 20:25:44.21	2016-05-23 20:25:45.39	5	1	0	1	0	0	0	0	0	0	0	0	0
82	2016-05-23 20:29:45.75	2016-05-23 20:29:51.37	5	1	0	0	0	29	1.174	2.703125	0	0	0	0	0
83	2016-05-23 20:30:01.21	2016-05-23 20:30:11.85	5	1	0	0	0	28	1.088	2.71875	0	0	0	0	0
84	2016-05-23 20:30:16.10	2016-05-23 20:30:33.53	5	1	0	0	0	16	0.448	1.625	0	0	0	0	0
85	2016-05-23 20:30:41.14	2016-05-23 20:30:49.03	5	1	0	0	0	21	0.563	2.078125	0	0	0	0	0
86	2016-05-23 20:30:54.21	2016-05-23 20:31:03.12	5	1	0	0	0	20	0.56	1.90625	0	0	0	0	0
86	2016-05-23 20:31:05.00	2016-05-23 20:31:05.43	6	-1	1	0	0	0	0	0	0	0	0	0	0
86	2016-05-23 20:31:05.67	2016-05-23 20:31:07.28	6	-1	1	0	0	0	0	0	0	0	0	0	0
86	2016-05-23 20:31:07.79	2016-05-23 20:31:07.85	6	-1	1	0	0	0	0	0	0	0	0	0	0
86	2016-05-23 20:31:08.00	2016-05-23 20:31:08.03	6	-1	1	0	0	0	0	0	0	0	0	0	0
86	2016-05-23 20:31:09.03	2016-05-23 20:31:09.70	5	1	0	1	0	0	0	0	0	0	0	0	0
87	2016-05-23 20:31:18.07	2016-05-23 20:31:18.81	5	1	0	1	0	0	0	0	0	0	0	0	0
87	2016-05-23 20:31:19.76	2016-05-23 20:31:19.96	5	1	0	1	0	0	0	0	0	0	0	0	0
88	2016-05-23 20:31:32.17	2016-05-23 20:31:40.89	5	1	0	0	0	9	0.203	0.796875	0	0	0	0	0
89	2016-05-23 20:33:04.82	2016-05-23 20:33:10.84	5	1	0	0	0	23	0.656	1.984375	0	0	0	0	0
90	2016-05-23 20:33:17.29	2016-05-23 20:33:26.28	5	1	0	0	0	19	0.431	1.625	0	0	0	0	0
90	2016-05-23 20:33:32.12	2016-05-23 20:33:32.14	5	1	0	1	0	0	0	0	0	0	0	0	0
91	2016-05-23 20:33:44.31	2016-05-23 20:33:54.59	5	1	0	0	0	34	1.585	2.953125	0	0	0	0	0
92	2016-05-23 20:34:12.48	2016-05-23 20:34:27.54	5	1	0	0	0	28	1.116	2.609375	0	0	0	0	0
93	2016-05-23 20:34:33.18	2016-05-23 20:34:33.29	5	1	0	1	0	0	0	0	0	0	0	0	0
93	2016-05-23 20:34:34.04	2016-05-23 20:34:34.32	5	1	0	1	0	0	0	0	0	0	0	0	0
94	2016-05-23 20:36:03.26	2016-05-23 20:36:11.60	5	1	0	0	0	26	0.824	2.375	0	0	0	0	0
95	2016-05-23 20:39:10.23	2016-05-23 20:39:16.57	5	1	0	0	0	26	0.996	2.6875	0	0	0	0	0
96	2016-05-23 20:39:21.71	2016-05-23 20:39:28.81	5	1	0	0	0	15	0.347	1.40625	0	0	0	0	0
97	2016-05-23 20:39:35.32	2016-05-23 20:39:40.12	5	1	0	0	0	13	0.376	1.34375	0	0	0	0	0
97	2016-05-23 20:39:40.21	2016-05-23 20:39:41.65	5	1	0	1	0	0	0	0	0	0	0	0	0
97	2016-05-23 20:39:41.68	2016-05-23 20:39:42.15	5	1	0	1	0	0	0	0	0	0	0	0	0
97	2016-05-23 20:39:42.21	2016-05-23 20:39:42.28	5	1	0	1	0	0	0	0	0	0	0	0	0
97	2016-05-23 20:39:42.31	2016-05-23 20:39:42.40	5	1	0	1	0	0	0	0	0	0	0	0	0
97	2016-05-23 20:39:42.43	2016-05-23 20:39:42.56	5	1	0	1	0	0	0	0	0	0	0	0	0
97	2016-05-23 20:39:42.62	2016-05-23 20:39:45.10	5	1	0	1	0	0	0	0	0	0	0	0	0
98	2016-05-23 20:39:51.28	2016-05-23 20:39:51.32	5	1	0	0	0	0	0	0	0	0	0	0	0
98	2016-05-23 20:39:51.35	2016-05-23 20:40:03.56	5	1	0	0	0	18	0.487	1.671875	0	0	0	0	0
99	2016-05-23 20:40:22.73	2016-05-23 20:40:22.79	5	1	0	0	0	0	0	0	0	0	0	0	0
99	2016-05-23 20:40:22.79	2016-05-23 20:40:40.70	5	1	0	0	0	10	0.289	1.078125	0	0	0	0	0
100	2016-05-23 20:40:45.10	2016-05-23 20:41:01.25	5	1	0	0	0	15	0.279	1.28125	0	0	0	0	0
101	2016-05-23 20:41:06.87	2016-05-23 20:41:11.73	5	1	0	0	0	14	0.29	1.203125	0	0	0	0	0
101	2016-05-23 20:41:11.75	2016-05-23 20:41:19.45	5	1	0	1	0	0	0	0	0	0	0	0	0
102	2016-05-23 21:31:26.95	2016-05-23 21:31:31.96	5	1	0	0	0	19	0.461	1.828125	0	0	0	0	0
102	2016-05-23 21:31:37.48	2016-05-23 21:31:37.50	5	1	0	1	0	0	0	0	0	0	0	0	0
103	2016-05-23 21:31:59.06	2016-05-23 21:32:08.81	5	1	0	0	0	37	1.427	3.390625	0	0	0	0	0
104	2016-05-23 21:33:10.35	2016-05-23 21:33:18.53	5	1	0	0	0	20	0.49	1.921875	0	0	0	0	0
105	2016-05-23 21:33:36.65	2016-05-23 21:33:52.87	5	1	0	0	0	14	0.332	1.34375	0	0	0	0	0
106	2016-05-23 21:33:58.40	2016-05-23 21:34:19.21	5	1	0	0	0	14	0.377	1.390625	0	0	0	0	0
107	2016-05-23 21:34:26.92	2016-05-23 21:34:34.78	5	1	0	0	0	25	0.536	2.171875	0	0	0	0	0
108	2016-05-23 21:34:39.46	2016-05-23 21:34:53.51	5	1	0	0	0	11	0.331	1.109375	0	0	0	0	0
109	2016-05-23 21:34:57.51	2016-05-23 21:35:06.79	5	1	0	0	0	12	0.333	1.25	0	0	0	0	0
110	2016-05-23 21:35:29.18	2016-05-23 21:35:29.46	5	1	0	1	0	0	0	0	0	0	0	0	0
111	2016-05-23 21:36:27.18	2016-05-23 21:36:35.95	5	1	0	0	0	20	0.655	1.953125	0	0	0	0	0
113	2016-05-23 21:38:10.95	2016-05-23 21:38:20.46	5	1	0	0	0	27	1.559	2.8125	0	0	0	0	0
114	2016-05-23 21:38:31.34	2016-05-23 21:38:31.51	5	1	0	1	0	0	0	0	0	0	0	0	0
116	2016-05-23 21:38:40.03	2016-05-23 21:38:47.06	5	1	0	0	0	32	1.425	3.21875	0	0	0	0	0
116	2016-05-23 21:38:51.18	2016-05-23 21:38:51.25	5	1	0	1	0	0	0	0	0	0	0	0	0
117	2016-05-23 21:40:03.46	2016-05-23 21:40:11.67	5	1	0	0	0	14	0.4	1.375	0	0	0	0	0
118	2016-05-23 21:40:17.35	2016-05-23 21:40:22.70	5	1	0	0	0	26	1.669	3.03125	0	0	0	0	0
119	2016-05-23 21:40:33.48	2016-05-23 21:40:42.76	5	1	0	0	0	26	0.755	2.234375	0	0	0	0	0
120	2016-05-23 21:41:17.73	2016-05-23 21:41:27.51	5	1	0	0	0	16	0.555	1.546875	0	0	0	0	0
121	2016-05-23 21:41:35.01	2016-05-23 21:41:42.34	5	1	0	0	0	19	1.766	2.796875	0	0	0	0	0
122	2016-05-23 21:41:47.35	2016-05-23 21:41:55.70	5	1	0	0	0	14	0.291	1.234375	0	0	0	0	0
123	2016-05-23 21:42:11.42	2016-05-23 21:42:11.95	5	1	0	1	0	0	0	0	0	0	0	0	0
124	2016-05-23 21:42:26.23	2016-05-23 21:42:36.57	5	1	0	0	0	30	0.825	2.515625	0	0	0	0	0
125	2016-05-23 21:42:40.54	2016-05-23 21:42:53.98	5	1	0	0	0	25	1.307	2.65625	0	0	0	0	0
125	2016-05-23 21:43:01.31	2016-05-23 21:43:01.81	5	1	0	1	0	0	0	0	0	0	0	0	0
126	2016-05-23 21:43:07.95	2016-05-23 21:43:19.14	5	1	0	0	0	9	0.233	0.9375	0	0	0	0	0
127	2016-05-23 21:43:26.15	2016-05-23 21:43:32.57	5	1	0	0	0	15	0.36	1.390625	0	0	0	0	0
127	2016-05-23 21:43:32.65	2016-05-23 21:43:32.70	5	1	0	1	0	0	0	0	0	0	0	0	0
127	2016-05-23 21:43:32.76	2016-05-23 21:43:33.46	5	1	0	1	0	0	0	0	0	0	0	0	0
127	2016-05-23 21:43:33.53	2016-05-23 21:43:34.10	5	1	0	1	0	0	0	0	0	0	0	0	0
127	2016-05-23 21:43:34.14	2016-05-23 21:43:34.79	5	1	0	1	0	0	0	0	0	0	0	0	0
127	2016-05-23 21:43:34.87	2016-05-23 21:43:35.28	5	1	0	1	0	0	0	0	0	0	0	0	0
128	2016-05-23 21:43:39.85	2016-05-23 21:43:46.75	5	1	0	0	0	33	1.328	3.296875	0	0	0	0	0
129	2016-05-23 21:43:53.31	2016-05-23 21:43:53.43	5	1	0	1	0	0	0	0	0	0	0	0	0
129	2016-05-23 21:44:04.73	2016-05-23 21:44:04.95	5	1	0	1	0	0	0	0	0	0	0	0	0
130	2016-05-23 21:44:20.57	2016-05-23 21:44:27.34	5	1	0	0	0	21	0.589	1.953125	0	0	0	0	0
131	2016-05-23 21:44:34.71	2016-05-23 21:44:42.35	5	1	0	0	0	40	1.562	3.78125	0	0	0	0	0
132	2016-05-23 21:44:49.17	2016-05-23 21:44:59.15	5	1	0	0	0	22	0.756	2.125	0	0	0	0	0
132	2016-05-23 21:45:03.46	2016-05-23 21:45:03.54	5	1	0	1	0	0	0	0	0	0	0	0	0
132	2016-05-23 21:45:07.51	2016-05-23 21:45:07.98	5	1	0	1	0	0	0	0	0	0	0	0	0
133	2016-05-23 21:45:31.87	2016-05-23 21:45:48.03	5	1	0	0	0	18	0.504	1.78125	0	0	0	0	0
134	2016-05-23 21:45:57.57	2016-05-23 21:46:16.84	5	1	0	0	0	28	1.079	2.796875	0	0	0	0	0
135	2016-05-23 21:46:23.46	2016-05-23 21:46:46.60	5	1	0	0	0	31	1.412	3.171875	0	0	0	0	0
135	2016-05-23 21:46:46.62	2016-05-23 21:46:47.00	5	1	0	1	0	0	0	0	0	0	0	0	0
136	2016-05-23 21:47:02.04	2016-05-23 21:47:13.89	5	1	0	0	0	28	1.078	2.75	0	0	0	0	0
137	2016-05-23 21:47:19.53	2016-05-23 21:47:28.56	5	1	0	0	0	28	1.476	2.984375	0	0	0	0	0
138	2016-05-23 21:47:35.39	2016-05-23 21:47:43.40	5	1	0	0	0	25	0.892	2.203125	0	0	0	0	0
139	2016-05-23 21:47:51.43	2016-05-23 21:48:05.70	5	1	0	0	0	43	1.612	3.8125	0	0	0	0	0
139	2016-05-23 21:48:12.04	2016-05-23 21:48:12.32	5	1	0	1	0	0	0	0	0	0	0	0	0
139	2016-05-23 21:48:18.92	2016-05-23 21:48:18.96	5	1	0	1	0	0	0	0	0	0	0	0	0
139	2016-05-23 21:48:22.92	2016-05-23 21:48:22.93	5	1	0	1	0	0	0	0	0	0	0	0	0
140	2016-05-23 21:48:38.50	2016-05-23 21:48:46.43	5	1	0	0	0	14	0.376	1.34375	0	0	0	0	0
141	2016-05-23 21:49:03.95	2016-05-23 21:49:20.28	5	1	0	0	0	21	0.534	1.8125	0	0	0	0	0
142	2016-05-23 21:49:30.87	2016-05-23 21:49:39.89	5	1	0	0	0	17	0.377	1.546875	0	0	0	0	0
143	2016-05-23 21:49:46.34	2016-05-23 21:49:58.59	5	1	0	0	0	17	0.462	1.65625	0	0	0	0	0
144	2016-05-23 21:50:18.37	2016-05-23 21:50:27.26	5	1	0	0	0	30	0.704	2.578125	0	0	0	0	0
145	2016-05-23 21:50:34.28	2016-05-23 21:50:34.51	5	1	0	1	0	0	0	0	0	0	0	0	0
146	2016-05-23 21:50:39.89	2016-05-23 21:50:53.90	5	1	0	0	0	26	0.906	2.359375	0	0	0	0	0
147	2016-05-23 21:51:03.01	2016-05-23 21:51:03.09	5	1	0	1	0	0	0	0	0	0	0	0	0
147	2016-05-23 21:51:06.20	2016-05-23 21:51:07.57	5	1	0	1	0	0	0	0	0	0	0	0	0
148	2016-05-23 21:51:17.21	2016-05-23 21:51:23.89	5	1	0	0	0	19	0.556	1.6875	0	0	0	0	0
149	2016-05-23 21:51:29.59	2016-05-23 21:51:37.95	5	1	0	0	0	17	0.533	1.84375	0	0	0	0	0
150	2016-05-23 21:51:43.96	2016-05-23 21:51:53.26	5	1	0	0	0	29	0.935	2.53125	0	0	0	0	0
151	2016-05-23 21:51:58.20	2016-05-23 21:52:06.78	5	1	0	0	0	14	0.417	1.390625	0	0	0	0	0
151	2016-05-23 21:52:06.82	2016-05-23 21:52:06.84	5	1	0	1	0	0	0	0	0	0	0	0	0
152	2016-05-23 21:52:12.21	2016-05-23 21:52:20.93	5	1	0	0	0	26	0.811	2.5	0	0	0	0	0
153	2016-05-23 21:52:29.01	2016-05-23 21:52:38.03	5	1	0	0	0	19	0.561	1.828125	0	0	0	0	0
154	2016-05-23 21:52:44.67	2016-05-23 21:52:58.96	5	1	0	0	0	26	0.659	2.265625	0	0	0	0	0
155	2016-05-23 21:53:17.20	2016-05-23 21:53:30.59	5	1	0	0	0	20	0.558	1.84375	0	0	0	0	0
156	2016-05-23 21:53:53.23	2016-05-23 21:53:59.45	5	1	0	0	0	22	0.614	2.015625	0	0	0	0	0
157	2016-05-23 21:55:53.64	2016-05-23 21:55:59.87	5	1	0	0	0	29	1.53	3.046875	0	0	0	0	0
157	2016-05-23 21:56:07.73	2016-05-23 21:56:07.92	5	1	0	1	0	0	0	0	0	0	0	0	0
158	2016-05-23 21:56:54.81	2016-05-23 21:56:54.84	5	1	0	0	0	0	0	0	0	0	0	0	0
158	2016-05-23 21:56:54.92	2016-05-23 21:57:01.29	5	1	0	0	0	25	0.63	2.140625	0	0	0	0	0
158	2016-05-23 21:57:01.39	2016-05-23 21:57:01.43	5	1	0	1	0	0	0	0	0	0	0	0	0
158	2016-05-23 21:57:08.78	2016-05-23 21:57:09.31	5	1	0	1	0	0	0	0	0	0	0	0	0
159	2016-05-23 22:00:45.54	2016-05-23 22:00:45.65	5	1	0	1	0	0	0	0	0	0	0	0	0
159	2016-05-23 22:00:46.95	2016-05-23 22:00:47.65	5	1	0	1	0	0	0	0	0	0	0	0	0
160	2016-05-23 22:01:00.54	2016-05-23 22:01:12.12	5	1	0	0	0	12	0.401	1.203125	0	0	0	0	0
161	2016-05-23 22:01:16.04	2016-05-23 22:01:25.73	5	1	0	0	0	28	0.951	2.671875	0	0	0	0	0
162	2016-05-23 22:01:34.96	2016-05-23 22:01:49.06	5	1	0	0	0	28	0.919	2.359375	0	0	0	0	0
163	2016-05-23 22:01:54.78	2016-05-23 22:02:06.82	5	1	0	0	0	24	0.849	2.296875	0	0	0	0	0
164	2016-05-23 22:02:13.96	2016-05-23 22:02:19.54	5	1	0	0	0	27	0.712	2.140625	0	0	0	0	0
165	2016-05-23 22:02:26.57	2016-05-23 22:02:36.50	5	1	0	0	0	25	0.754	2.34375	0	0	0	0	0
166	2016-05-23 22:02:42.54	2016-05-23 22:02:49.84	5	1	0	0	0	27	1.809	3.078125	0	0	0	0	0
167	2016-05-23 22:02:55.54	2016-05-23 22:03:07.07	5	1	0	0	0	25	0.754	2.328125	0	0	0	0	0
168	2016-05-23 22:03:23.90	2016-05-23 22:03:38.12	5	1	0	0	0	17	0.516	1.625	0	0	0	0	0
169	2016-05-23 22:03:46.14	2016-05-23 22:03:52.85	5	1	0	0	0	32	1.027	2.640625	0	0	0	0	0
170	2016-05-23 22:03:59.15	2016-05-23 22:04:13.31	5	1	0	0	0	24	1.208	2.359375	0	0	0	0	0
171	2016-05-23 22:04:19.31	2016-05-23 22:04:29.79	5	1	0	0	0	19	0.626	1.75	0	0	0	0	0
171	2016-05-23 22:04:36.35	2016-05-23 22:04:36.51	5	1	0	1	0	0	0	0	0	0	0	0	0
172	2016-05-23 22:04:56.65	2016-05-23 22:05:05.14	5	1	0	0	0	26	1.005	2.53125	0	0	0	0	0
173	2016-05-23 22:05:11.09	2016-05-23 22:05:20.53	5	1	0	0	0	17	0.445	1.546875	0	0	0	0	0
174	2016-05-23 22:05:27.65	2016-05-23 22:05:28.18	5	1	0	1	0	0	0	0	0	0	0	0	0
175	2016-05-23 22:05:42.67	2016-05-23 22:05:42.68	5	1	0	1	0	0	0	0	0	0	0	0	0
175	2016-05-23 22:05:45.34	2016-05-23 22:05:45.42	5	1	0	1	0	0	0	0	0	0	0	0	0
176	2016-05-23 22:05:57.90	2016-05-23 22:06:09.56	5	1	0	0	0	33	1.155	2.765625	0	0	0	0	0
177	2016-05-23 22:06:36.95	2016-05-23 22:06:45.79	5	1	0	0	0	24	0.535	2.046875	0	0	0	0	0
178	2016-05-23 22:06:55.10	2016-05-23 22:07:10.98	5	1	0	0	0	20	0.659	2.1875	0	0	0	0	0
179	2016-05-23 22:07:24.75	2016-05-23 22:07:39.93	5	1	0	0	0	16	0.378	1.5625	0	0	0	0	0
180	2016-05-23 22:08:34.95	2016-05-23 22:08:41.60	5	1	0	0	0	33	0.955	2.84375	0	0	0	0	0
181	2016-05-23 22:08:46.10	2016-05-23 22:08:55.04	5	1	0	0	0	32	1.078	2.75	0	0	0	0	0
183	2016-05-23 22:11:25.06	2016-05-23 22:11:31.87	5	1	0	0	0	28	0.657	2.40625	0	0	0	0	0
184	2016-05-23 22:11:38.60	2016-05-23 22:11:47.42	5	1	0	0	0	25	0.934	2.40625	0	0	0	0	0
184	2016-05-23 22:11:52.98	2016-05-23 22:11:53.21	5	1	0	1	0	0	0	0	0	0	0	0	0
185	2016-05-23 22:11:57.68	2016-05-23 22:12:08.85	5	1	0	0	0	9	0.287	0.921875	0	0	0	0	0
186	2016-05-23 22:12:25.21	2016-05-23 22:12:34.57	5	1	0	0	0	12	0.317	1.09375	0	0	0	0	0
187	2016-05-23 22:12:39.25	2016-05-23 22:12:44.40	5	1	0	0	0	8	0.119	0.6875	0	0	0	0	0
187	2016-05-23 22:12:44.46	2016-05-23 22:12:44.50	5	1	0	1	0	0	0	0	0	0	0	0	0
187	2016-05-23 22:12:44.75	2016-05-23 22:12:44.78	5	1	0	1	0	0	0	0	0	0	0	0	0
187	2016-05-23 22:12:45.35	2016-05-23 22:12:45.39	5	1	0	1	0	0	0	0	0	0	0	0	0
187	2016-05-23 22:12:45.45	2016-05-23 22:12:45.50	5	1	0	1	0	0	0	0	0	0	0	0	0
187	2016-05-23 22:12:46.60	2016-05-23 22:12:46.64	5	1	0	1	0	0	0	0	0	0	0	0	0
187	2016-05-23 22:12:47.10	2016-05-23 22:12:47.14	5	1	0	1	0	0	0	0	0	0	0	0	0
187	2016-05-23 22:12:47.23	2016-05-23 22:12:47.25	5	1	0	1	0	0	0	0	0	0	0	0	0
187	2016-05-23 22:12:47.32	2016-05-23 22:12:51.53	5	1	0	1	0	0	0	0	0	0	0	0	0
188	2016-05-23 22:12:58.32	2016-05-23 22:13:12.42	5	1	0	0	0	12	0.261	1.125	0	0	0	0	0
188	2016-05-23 22:13:26.39	2016-05-23 22:13:26.54	5	1	0	1	0	0	0	0	0	0	0	0	0
189	2016-05-23 22:13:32.14	2016-05-23 22:13:32.20	5	1	0	1	0	0	0	0	0	0	0	0	0
189	2016-05-23 22:13:32.81	2016-05-23 22:13:32.85	5	1	0	1	0	0	0	0	0	0	0	0	0
190	2016-05-23 22:19:29.79	2016-05-23 22:19:30.18	5	1	0	1	0	0	0	0	0	0	0	0	0
191	2016-05-23 22:20:48.25	2016-05-23 22:20:54.82	5	1	0	0	0	34	2.344	4.140625	0	0	0	0	0
192	2016-05-23 22:21:00.31	2016-05-23 22:21:05.78	5	1	0	0	0	23	0.572	1.890625	0	0	0	0	0
193	2016-05-23 22:21:10.14	2016-05-23 22:21:17.39	5	1	0	0	0	24	0.766	2.234375	0	0	0	0	0
194	2016-05-23 22:21:23.14	2016-05-23 22:21:30.73	5	1	0	0	0	28	0.62	2.34375	0	0	0	0	0
195	2016-05-23 22:21:35.07	2016-05-23 22:21:42.96	5	1	0	0	0	9	0.161	0.796875	0	0	0	0	0
195	2016-05-23 22:21:43.34	2016-05-23 22:21:43.73	5	1	0	1	0	0	0	0	0	0	0	0	0
196	2016-05-23 22:21:50.81	2016-05-23 22:21:58.65	5	1	0	0	0	32	1.241	2.734375	0	0	0	0	0
197	2016-05-23 22:22:03.62	2016-05-23 22:22:17.46	5	1	0	0	0	33	1.024	2.859375	0	0	0	0	0
198	2016-05-23 22:22:33.59	2016-05-23 22:22:43.07	5	1	0	0	0	21	0.602	1.96875	0	0	0	0	0
199	2016-05-23 22:22:47.18	2016-05-23 22:22:54.31	5	1	0	0	0	13	0.486	1.46875	0	0	0	0	0
200	2016-05-23 22:23:02.92	2016-05-23 22:23:15.56	5	1	0	0	0	29	0.658	2.390625	0	0	0	0	0
201	2016-05-23 22:23:20.26	2016-05-23 22:23:27.93	5	1	0	0	0	11	0.301	1.015625	0	0	0	0	0
202	2016-05-23 22:23:36.79	2016-05-23 22:23:36.85	5	1	0	0	0	0	0	0	0	0	0	0	0
202	2016-05-23 22:23:36.90	2016-05-23 22:23:47.70	5	1	0	0	0	9	0.216	0.765625	0	0	0	0	0
203	2016-05-23 22:24:06.15	2016-05-23 22:24:06.29	5	1	0	1	0	0	0	0	0	0	0	0	0
204	2016-05-23 22:24:18.81	2016-05-23 22:24:40.14	5	1	0	0	0	15	0.361	1.265625	0	0	0	0	0
205	2016-05-23 22:24:57.84	2016-05-23 22:25:08.89	5	1	0	0	0	6	0.16	0.640625	0	0	0	0	0
206	2016-05-23 22:25:14.67	2016-05-23 22:25:24.56	5	1	0	0	0	16	0.376	1.421875	0	0	0	0	0
207	2016-05-23 22:25:30.76	2016-05-23 22:25:37.81	5	1	0	0	0	8	0.23	0.78125	0	0	0	0	0
208	2016-05-23 22:25:43.21	2016-05-23 22:25:43.67	5	1	0	1	0	0	0	0	0	0	0	0	0
209	2016-05-23 22:25:54.85	2016-05-23 22:26:05.37	5	1	0	0	0	10	0.33	1.015625	0	0	0	0	0
209	2016-05-23 22:26:14.42	2016-05-23 22:26:14.65	5	1	0	1	0	0	0	0	0	0	0	0	0
210	2016-05-23 22:26:22.20	2016-05-23 22:26:32.84	5	1	0	0	0	10	0.233	1.015625	0	0	0	0	0
211	2016-05-23 22:26:45.64	2016-05-23 22:26:54.17	5	1	0	0	0	17	0.389	1.546875	0	0	0	0	0
212	2016-05-23 22:28:35.95	2016-05-23 22:28:41.73	5	1	0	0	0	16	0.612	1.578125	0	0	0	0	0
213	2016-05-23 22:32:07.65	2016-05-23 22:32:14.75	5	1	0	0	0	19	0.459	1.734375	0	0	0	0	0
215	2016-05-23 22:32:20.79	2016-05-23 22:32:21.14	5	1	0	1	0	0	0	0	0	0	0	0	0
216	2016-05-23 22:32:27.26	2016-05-23 22:32:34.23	5	1	0	0	0	38	1.388	3.484375	0	0	0	0	0
217	2016-05-23 22:32:40.40	2016-05-23 22:32:47.48	5	1	0	0	0	34	1.014	3.171875	0	0	0	0	0
218	2016-05-23 22:32:54.60	2016-05-23 22:33:16.45	5	1	0	0	0	13	0.359	1.203125	0	0	0	0	0
219	2016-05-23 22:33:31.35	2016-05-23 22:33:50.29	5	1	0	0	0	9	0.258	0.828125	0	0	0	0	0
219	2016-05-23 22:33:57.90	2016-05-23 22:33:58.15	5	1	0	1	0	0	0	0	0	0	0	0	0
220	2016-05-23 22:34:07.12	2016-05-23 22:34:31.10	5	1	0	0	0	29	1.308	2.5625	0	0	0	0	0
221	2016-05-23 22:34:39.98	2016-05-23 22:34:40.20	5	1	0	1	0	0	0	0	0	0	0	0	0
222	2016-05-23 22:34:51.71	2016-05-23 22:35:00.96	5	1	0	0	0	12	0.277	1.1875	0	0	0	0	0
223	2016-05-23 22:35:07.75	2016-05-23 22:35:08.09	5	1	0	1	0	0	0	0	0	0	0	0	0
224	2016-05-23 22:35:17.34	2016-05-23 22:35:25.28	5	1	0	0	0	11	0.371	1.078125	0	0	0	0	0
225	2016-05-23 22:35:43.93	2016-05-23 22:35:51.32	5	1	0	0	0	10	0.247	1.015625	0	0	0	0	0
226	2016-05-23 22:35:56.26	2016-05-23 22:36:06.81	5	1	0	0	0	14	0.292	1.296875	0	0	0	0	0
227	2016-05-23 22:36:22.81	2016-05-23 22:36:34.73	5	1	0	0	0	6	0.215	0.640625	0	0	0	0	0
228	2016-05-23 22:36:49.39	2016-05-23 22:37:01.31	5	1	0	0	0	10	0.37	1.03125	0	0	0	0	0
229	2016-05-23 22:37:10.01	2016-05-23 22:37:22.32	5	1	0	0	0	11	0.249	0.96875	0	0	0	0	0
230	2016-05-23 22:37:27.06	2016-05-23 22:37:41.54	5	1	0	0	0	8	0.174	0.703125	0	0	0	0	0
231	2016-05-23 22:37:49.14	2016-05-23 22:38:03.82	5	1	0	0	0	10	0.343	1.09375	0	0	0	0	0
232	2016-05-23 22:38:20.03	2016-05-23 22:38:20.09	5	1	0	0	0	0	0	0	0	0	0	0	0
232	2016-05-23 22:38:20.17	2016-05-23 22:38:31.34	5	1	0	0	0	7	0.144	0.59375	0	0	0	0	0
233	2016-05-23 22:38:39.43	2016-05-23 22:38:50.93	5	1	0	0	0	8	0.174	0.703125	0	0	0	0	0
234	2016-05-23 22:38:57.00	2016-05-23 22:39:10.00	5	1	0	0	0	14	0.418	1.484375	0	0	0	0	0
234	2016-05-23 22:39:16.62	2016-05-23 22:39:16.67	5	1	0	1	0	0	0	0	0	0	0	0	0
235	2016-05-23 22:39:21.23	2016-05-23 22:39:31.93	5	1	0	0	0	20	0.56	1.84375	0	0	0	0	0
236	2016-05-23 22:39:40.32	2016-05-23 22:39:49.85	5	1	0	0	0	14	0.444	1.328125	0	0	0	0	0
237	2016-05-23 22:39:56.75	2016-05-23 22:40:07.25	5	1	0	0	0	10	0.317	1.078125	0	0	0	0	0
238	2016-05-23 22:40:12.18	2016-05-23 22:40:28.37	5	1	0	0	0	21	0.686	1.953125	0	0	0	0	0
239	2016-05-23 22:40:46.71	2016-05-23 22:41:11.96	5	1	0	0	0	13	0.277	1.109375	0	0	0	0	0
240	2016-05-23 22:41:18.07	2016-05-23 22:41:42.14	5	1	0	0	0	13	0.347	1.3125	0	0	0	0	0
241	2016-05-23 22:41:52.45	2016-05-23 22:42:08.29	5	1	0	0	0	15	0.402	1.28125	0	0	0	0	0
242	2016-05-23 22:42:16.00	2016-05-23 22:42:16.96	5	1	0	1	0	0	0	0	0	0	0	0	0
242	2016-05-23 22:42:20.32	2016-05-23 22:42:20.67	5	1	0	1	0	0	0	0	0	0	0	0	0
243	2016-05-23 22:42:30.95	2016-05-23 22:42:49.71	5	1	0	0	0	17	0.487	1.59375	0	0	0	0	0
244	2016-05-23 22:43:05.82	2016-05-23 22:43:31.34	5	1	0	0	0	14	0.389	1.4375	0	0	0	0	0
244	2016-05-23 22:43:38.00	2016-05-23 22:43:38.10	5	1	0	1	0	0	0	0	0	0	0	0	0
245	2016-05-23 22:43:44.85	2016-05-23 22:43:44.89	5	1	0	1	0	0	0	0	0	0	0	0	0
245	2016-05-23 22:43:45.89	2016-05-23 22:43:46.29	5	1	0	1	0	0	0	0	0	0	0	0	0
246	2016-05-23 22:43:58.26	2016-05-23 22:44:16.81	5	1	0	0	0	14	0.43	1.390625	0	0	0	0	0
247	2016-05-23 22:44:26.87	2016-05-23 22:44:43.93	5	1	0	0	0	15	0.385	1.265625	0	0	0	0	0
248	2016-05-23 22:44:51.78	2016-05-23 22:45:08.98	5	1	0	0	0	19	0.447	1.703125	0	0	0	0	0
248	2016-05-23 22:45:09.03	2016-05-23 22:45:09.15	5	1	0	1	0	0	0	0	0	0	0	0	0
249	2016-05-23 22:45:21.82	2016-05-23 22:45:39.62	5	1	0	0	0	23	0.474	1.890625	0	0	0	0	0
250	2016-05-23 22:45:47.31	2016-05-23 22:46:07.20	5	1	0	0	0	28	0.572	2.171875	0	0	0	0	0
251	2016-05-23 22:46:27.26	2016-05-23 22:46:40.06	5	1	0	0	0	10	0.289	0.984375	0	0	0	0	0
252	2016-05-23 22:46:56.03	2016-05-23 22:47:27.23	5	1	0	0	0	14	0.513	1.390625	0	0	0	0	0
253	2016-05-23 22:47:41.23	2016-05-23 22:47:41.40	5	1	0	1	0	0	0	0	0	0	0	0	0
254	2016-05-23 22:48:56.60	2016-05-23 22:49:01.73	5	1	0	0	0	10	0.234	0.96875	0	0	0	0	0
255	2016-05-23 22:49:35.79	2016-05-23 22:49:48.26	5	1	0	0	0	21	0.64	1.96875	0	0	0	0	0
256	2016-05-23 22:49:57.00	2016-05-23 22:50:07.71	5	1	0	0	0	26	0.802	2.546875	0	0	0	0	0
257	2016-05-23 22:50:28.70	2016-05-23 22:50:39.48	5	1	0	0	0	20	0.547	1.75	0	0	0	0	0
258	2016-05-23 22:54:22.95	2016-05-23 22:54:28.17	5	1	0	0	0	22	0.556	1.765625	0	0	0	0	0
259	2016-05-23 22:54:45.46	2016-05-23 22:54:52.57	5	1	0	0	0	26	0.896	2.53125	0	0	0	0	0
259	2016-05-23 22:54:58.82	2016-05-23 22:54:59.00	5	1	0	1	0	0	0	0	0	0	0	0	0
260	2016-05-23 22:55:10.60	2016-05-23 22:55:30.42	5	1	0	0	0	13	0.471	1.484375	0	0	0	0	0
261	2016-05-23 22:55:45.70	2016-05-23 22:56:11.46	5	1	0	0	0	10	0.261	1.015625	0	0	0	0	0
262	2016-05-23 22:56:16.09	2016-05-23 22:56:30.59	5	1	0	0	0	16	0.444	1.515625	0	0	0	0	0
263	2016-05-23 22:56:36.67	2016-05-23 22:56:46.18	5	1	0	0	0	24	0.795	2.171875	0	0	0	0	0
264	2016-05-23 22:56:52.06	2016-05-23 22:57:03.54	5	1	0	0	0	14	0.346	1.34375	0	0	0	0	0
265	2016-05-23 22:57:10.09	2016-05-23 22:57:23.43	5	1	0	0	0	26	0.729	2.34375	0	0	0	0	0
266	2016-05-23 22:57:28.45	2016-05-23 22:57:35.46	5	1	0	0	0	18	0.56	1.90625	0	0	0	0	0
267	2016-05-23 22:57:41.70	2016-05-23 22:57:54.35	5	1	0	0	0	20	0.641	1.96875	0	0	0	0	0
268	2016-05-23 22:57:58.98	2016-05-23 22:58:09.29	5	1	0	0	0	25	0.741	2.171875	0	0	0	0	0
269	2016-05-23 22:58:15.75	2016-05-23 22:58:24.53	5	1	0	0	0	23	0.673	2.265625	0	0	0	0	0
270	2016-05-23 22:58:30.75	2016-05-23 22:58:40.39	5	1	0	0	0	21	0.715	2.125	0	0	0	0	0
271	2016-05-23 22:58:46.65	2016-05-23 22:58:57.46	5	1	0	0	0	20	0.711	2.125	0	0	0	0	0
272	2016-05-23 22:59:03.82	2016-05-23 22:59:13.95	5	1	0	0	0	21	0.673	2.09375	0	0	0	0	0
273	2016-05-23 22:59:21.32	2016-05-23 22:59:44.25	5	1	0	0	0	14	0.387	1.375	0	0	0	0	0
274	2016-05-23 22:59:48.25	2016-05-23 22:59:48.35	5	1	0	1	0	0	0	0	0	0	0	0	0
274	2016-05-23 22:59:55.84	2016-05-23 22:59:56.31	5	1	0	1	0	0	0	0	0	0	0	0	0
274	2016-05-23 22:59:57.67	2016-05-23 22:59:58.31	5	1	0	1	0	0	0	0	0	0	0	0	0
274	2016-05-23 23:00:01.03	2016-05-23 23:00:01.60	6	-1	1	1	0	0	0	0	0	0	0	0	0
274	2016-05-23 23:00:08.45	2016-05-23 23:00:08.50	5	1	0	1	0	0	0	0	0	0	0	0	0
275	2016-05-23 23:00:15.67	2016-05-23 23:00:16.29	5	1	0	1	0	0	0	0	0	0	0	0	0
276	2016-05-23 23:00:25.32	2016-05-23 23:00:39.70	5	1	0	0	0	19	0.64	1.8125	0	0	0	0	0
277	2016-05-23 23:00:44.96	2016-05-23 23:00:55.09	5	1	0	0	0	30	0.771	2.484375	0	0	0	0	0
279	2016-05-23 23:01:10.35	2016-05-23 23:01:10.76	5	1	0	1	0	0	0	0	0	0	0	0	0
279	2016-05-23 23:01:12.32	2016-05-23 23:01:12.79	5	1	0	1	0	0	0	0	0	0	0	0	0
280	2016-05-23 23:01:19.34	2016-05-23 23:01:29.71	5	1	0	0	0	30	0.854	2.640625	0	0	0	0	0
280	2016-05-23 23:01:37.75	2016-05-23 23:01:37.87	5	1	0	1	0	0	0	0	0	0	0	0	0
281	2016-05-23 23:01:49.39	2016-05-23 23:01:57.07	5	1	0	0	0	22	0.679	2.0625	0	0	0	0	0
282	2016-05-23 23:02:03.60	2016-05-23 23:02:10.54	5	1	0	0	0	14	0.264	1.265625	0	0	0	0	0
283	2016-05-23 23:02:24.25	2016-05-23 23:02:31.67	5	1	0	0	0	9	0.19	0.84375	0	0	0	0	0
284	2016-05-23 23:02:38.25	2016-05-23 23:02:47.42	5	1	0	0	0	11	0.332	1.0625	0	0	0	0	0
285	2016-05-23 23:02:55.53	2016-05-23 23:03:04.79	5	1	0	0	0	12	0.443	1.21875	0	0	0	0	0
286	2016-05-23 23:03:11.37	2016-05-23 23:03:22.76	5	1	0	0	0	24	0.616	2.1875	0	0	0	0	0
287	2016-05-23 23:03:30.76	2016-05-23 23:03:52.21	5	1	0	0	0	20	0.465	1.890625	0	0	0	0	0
288	2016-05-23 23:04:10.00	2016-05-23 23:04:22.53	5	1	0	0	0	13	0.345	1.203125	0	0	0	0	0
289	2016-05-23 23:05:37.28	2016-05-23 23:05:54.04	5	1	0	0	0	21	1.004	2.171875	0	0	0	0	0
290	2016-05-23 23:06:21.67	2016-05-23 23:06:31.06	5	1	0	0	0	31	1.189	3	0	0	0	0	0
291	2016-05-23 23:06:46.48	2016-05-23 23:06:53.62	5	1	0	0	0	25	0.628	2.125	0	0	0	0	0
291	2016-05-23 23:06:53.67	2016-05-23 23:06:53.68	5	1	0	1	0	0	0	0	0	0	0	0	0
292	2016-05-23 23:06:59.32	2016-05-23 23:07:08.81	5	1	0	0	0	12	0.361	1.21875	0	0	0	0	0
292	2016-05-23 23:07:14.53	2016-05-23 23:07:14.65	5	1	0	1	0	0	0	0	0	0	0	0	0
293	2016-05-23 23:07:25.26	2016-05-23 23:07:35.04	5	1	0	0	0	17	0.49	1.734375	0	0	0	0	0
293	2016-05-23 23:07:40.92	2016-05-23 23:07:41.06	5	1	0	1	0	0	0	0	0	0	0	0	0
294	2016-05-23 23:07:50.92	2016-05-23 23:08:05.31	5	1	0	0	0	20	0.609	1.6875	0	0	0	0	0
295	2016-05-23 23:08:10.03	2016-05-23 23:08:21.21	5	1	0	0	0	9	0.233	0.875	0	0	0	0	0
296	2016-05-23 23:08:26.89	2016-05-23 23:08:33.73	5	1	0	0	0	12	0.331	1.203125	0	0	0	0	0
297	2016-05-23 23:08:39.12	2016-05-23 23:08:56.65	5	1	0	0	0	30	1.199	2.828125	0	0	0	0	0
298	2016-05-23 23:09:15.75	2016-05-23 23:09:15.78	5	1	0	1	0	0	0	0	0	0	0	0	0
298	2016-05-23 23:09:18.23	2016-05-23 23:09:18.39	5	1	0	1	0	0	0	0	0	0	0	0	0
299	2016-05-23 23:09:41.14	2016-05-23 23:09:56.93	5	1	0	0	0	11	0.26	1.015625	0	0	0	0	0
300	2016-05-23 23:10:03.00	2016-05-23 23:10:10.54	5	1	0	0	0	21	0.533	1.90625	0	0	0	0	0
301	2016-05-23 23:10:24.50	2016-05-23 23:10:33.95	5	1	0	0	0	16	0.535	1.703125	0	0	0	0	0
302	2016-05-23 23:10:40.89	2016-05-23 23:10:58.45	5	1	0	0	0	21	0.56	1.859375	0	0	0	0	0
302	2016-05-23 23:11:09.42	2016-05-23 23:11:09.59	5	1	0	1	0	0	0	0	0	0	0	0	0
302	2016-05-23 23:11:10.85	2016-05-23 23:11:10.93	5	1	0	1	0	0	0	0	0	0	0	0	0
302	2016-05-23 23:11:10.87	2016-05-23 23:11:12.48	6	-1	1	1	0	0	0	0	0	0	0	0	0
302	2016-05-23 23:11:12.53	2016-05-23 23:11:12.84	6	-1	1	1	0	0	0	0	0	0	0	0	0
302	2016-05-23 23:11:13.17	2016-05-23 23:11:14.14	5	1	0	1	0	0	0	0	0	0	0	0	0
303	2016-05-23 23:11:29.21	2016-05-23 23:11:37.56	5	1	0	0	0	27	0.798	2.34375	0	0	0	0	0
304	2016-05-23 23:11:44.65	2016-05-23 23:11:52.34	5	1	0	0	0	15	0.568	1.4375	0	0	0	0	0
305	2016-05-23 23:11:59.20	2016-05-23 23:12:12.35	5	1	0	0	0	24	0.696	1.96875	0	0	0	0	0
306	2016-05-23 23:12:28.96	2016-05-23 23:12:40.09	5	1	0	0	0	25	0.858	2.546875	0	0	0	0	0
306	2016-05-23 23:12:40.12	2016-05-23 23:12:40.20	5	1	0	1	0	0	0	0	0	0	0	0	0
307	2016-05-23 23:12:45.25	2016-05-23 23:12:56.67	5	1	0	0	0	25	0.59	2.09375	0	0	0	0	0
308	2016-05-23 23:13:04.50	2016-05-23 23:13:11.93	5	1	0	0	0	22	0.613	2.046875	0	0	0	0	0
309	2016-05-23 23:13:24.21	2016-05-23 23:13:31.12	5	1	0	0	0	21	0.849	1.921875	0	0	0	0	0
311	2016-05-23 23:13:43.39	2016-05-23 23:14:01.96	5	1	0	0	0	20	0.854	2.21875	0	0	0	0	0
311	2016-05-23 23:14:01.98	2016-05-23 23:14:02.04	5	1	0	1	0	0	0	0	0	0	0	0	0
312	2016-05-23 23:14:07.31	2016-05-23 23:14:17.06	5	1	0	0	0	38	1.647	3.46875	0	0	0	0	0
313	2016-05-23 23:14:25.09	2016-05-23 23:14:43.14	5	1	0	0	0	16	0.363	1.46875	0	0	0	0	0
314	2016-05-23 23:14:51.26	2016-05-23 23:14:58.71	5	1	0	0	0	19	0.546	1.6875	0	0	0	0	0
315	2016-05-23 23:15:09.39	2016-05-23 23:15:15.42	5	1	0	0	0	16	0.364	1.4375	0	0	0	0	0
316	2016-05-23 23:15:21.81	2016-05-23 23:15:22.60	5	1	0	1	0	0	0	0	0	0	0	0	0
317	2016-05-23 23:15:36.51	2016-05-23 23:15:53.17	5	1	0	0	0	12	0.317	1.21875	0	0	0	0	0
318	2016-05-23 23:16:05.42	2016-05-23 23:16:19.82	5	1	0	0	0	16	0.513	1.640625	0	0	0	0	0
318	2016-05-23 23:16:27.07	2016-05-23 23:16:27.25	6	-1	1	0	0	0	0	0	0	0	0	0	0
318	2016-05-23 23:16:27.70	2016-05-23 23:16:27.73	6	-1	1	0	0	0	0	0	0	0	0	0	0
318	2016-05-23 23:16:28.15	2016-05-23 23:16:29.01	6	-1	1	0	0	0	0	0	0	0	0	0	0
318	2016-05-23 23:16:29.07	2016-05-23 23:16:29.73	6	-1	1	0	0	0	0	0	0	0	0	0	0
318	2016-05-23 23:16:29.81	2016-05-23 23:16:29.96	5	1	0	1	0	0	0	0	0	0	0	0	0
318	2016-05-23 23:16:30.25	2016-05-23 23:16:30.28	5	1	0	1	0	0	0	0	0	0	0	0	0
318	2016-05-23 23:16:30.32	2016-05-23 23:16:30.85	5	1	0	1	0	0	0	0	0	0	0	0	0
318	2016-05-23 23:16:30.95	2016-05-23 23:16:31.32	5	1	0	1	0	0	0	0	0	0	0	0	0
318	2016-05-23 23:16:31.37	2016-05-23 23:16:31.48	5	1	0	1	0	0	0	0	0	0	0	0	0
319	2016-05-23 23:16:41.35	2016-05-23 23:16:51.48	5	1	0	0	0	13	0.417	1.34375	0	0	0	0	0
320	2016-05-23 23:17:01.32	2016-05-23 23:17:12.57	5	1	0	0	0	8	0.259	0.84375	0	0	0	0	0
321	2016-05-23 23:17:24.39	2016-05-23 23:17:34.10	5	1	0	0	0	14	0.344	1.171875	0	0	0	0	0
321	2016-05-23 23:17:40.12	2016-05-23 23:17:40.29	5	1	0	1	0	0	0	0	0	0	0	0	0
321	2016-05-23 23:18:03.54	2016-05-23 23:18:04.51	5	1	0	1	0	0	0	0	0	0	0	0	0
321	2016-05-23 23:19:08.54	2016-05-23 23:19:08.89	6	-1	1	1	0	0	0	0	0	0	0	0	0
322	2016-05-23 23:19:35.32	2016-05-23 23:19:49.07	5	1	0	0	0	27	0.703	2.359375	0	0	0	0	0
323	2016-05-23 23:19:55.57	2016-05-23 23:20:04.60	5	1	0	0	0	18	0.381	1.65625	0	0	0	0	0
324	2016-05-23 23:20:10.95	2016-05-23 23:20:18.82	5	1	0	0	0	15	0.48	1.5	0	0	0	0	0
325	2016-05-23 23:20:24.57	2016-05-23 23:20:36.71	5	1	0	0	0	21	0.615	1.984375	0	0	0	0	0
326	2016-05-23 23:20:53.32	2016-05-23 23:21:03.56	5	1	0	0	0	21	0.493	1.96875	0	0	0	0	0
327	2016-05-23 23:21:11.90	2016-05-23 23:21:20.39	5	1	0	0	0	18	0.598	1.78125	0	0	0	0	0
328	2016-05-23 23:21:27.71	2016-05-23 23:21:48.18	5	1	0	0	0	16	0.487	1.546875	0	0	0	0	0
329	2016-05-23 23:21:52.68	2016-05-23 23:22:02.89	5	1	0	0	0	19	0.545	1.828125	0	0	0	0	0
330	2016-05-23 23:22:12.00	2016-05-23 23:22:19.51	5	1	0	0	0	18	0.516	1.6875	0	0	0	0	0
331	2016-05-23 23:22:35.81	2016-05-23 23:22:42.35	5	1	0	0	0	23	0.741	2.0625	0	0	0	0	0
334	2016-05-23 23:23:01.82	2016-05-23 23:23:05.98	5	1	0	0	0	23	0.715	2.140625	0	0	0	0	0
335	2016-05-23 23:23:14.78	2016-05-23 23:23:21.96	5	1	0	0	0	16	0.443	1.484375	0	0	0	0	0
336	2016-05-23 23:23:27.31	2016-05-23 23:23:27.40	5	1	0	1	0	0	0	0	0	0	0	0	0
336	2016-05-23 23:23:30.68	2016-05-23 23:23:30.84	5	1	0	1	0	0	0	0	0	0	0	0	0
337	2016-05-23 23:23:52.54	2016-05-23 23:23:58.90	5	1	0	0	0	24	0.783	2.359375	0	0	0	0	0
338	2016-05-23 23:24:05.45	2016-05-23 23:24:11.93	5	1	0	0	0	19	0.751	1.90625	0	0	0	0	0
339	2016-05-23 23:24:17.43	2016-05-23 23:24:24.62	5	1	0	0	0	13	0.542	1.453125	0	0	0	0	0
340	2016-05-23 23:24:31.34	2016-05-23 23:24:50.53	5	1	0	0	0	10	0.36	1.0625	0	0	0	0	0
340	2016-05-23 23:24:50.57	2016-05-23 23:24:51.10	5	1	0	1	0	0	0	0	0	0	0	0	0
341	2016-05-23 23:24:59.87	2016-05-23 23:25:06.67	5	1	0	0	0	23	0.575	2.015625	0	0	0	0	0
341	2016-05-23 23:25:07.50	2016-05-23 23:25:07.75	6	-1	1	0	0	0	0	0	0	0	0	0	0
343	2016-05-23 23:25:21.62	2016-05-23 23:25:36.92	5	1	0	0	0	21	0.575	1.96875	0	0	0	0	0
344	2016-05-23 23:25:43.90	2016-05-23 23:26:01.98	5	1	0	0	0	15	0.377	1.421875	0	0	0	0	0
345	2016-05-23 23:26:07.89	2016-05-23 23:26:27.95	5	1	0	0	0	18	0.585	1.8125	0	0	0	0	0
346	2016-05-23 23:26:37.00	2016-05-23 23:26:46.12	5	1	0	0	0	12	0.318	1.234375	0	0	0	0	0
347	2016-05-23 23:26:57.76	2016-05-23 23:27:11.07	5	1	0	0	0	28	1.061	2.53125	0	0	0	0	0
348	2016-05-23 23:27:18.79	2016-05-23 23:27:30.34	5	1	0	0	0	25	0.55	2.015625	0	0	0	0	0
349	2016-05-23 23:27:36.62	2016-05-23 23:27:50.76	5	1	0	0	0	23	0.699	2.09375	0	0	0	0	0
351	2016-05-23 23:28:17.73	2016-05-23 23:28:24.29	5	1	0	0	0	20	0.489	1.875	0	0	0	0	0
352	2016-05-23 23:28:28.14	2016-05-23 23:28:28.57	5	1	0	1	0	0	0	0	0	0	0	0	0
353	2016-05-23 23:28:39.51	2016-05-23 23:29:33.40	5	1	0	0	0	21	0.586	1.875	0	0	0	0	0
356	2016-05-23 23:30:05.51	2016-05-23 23:30:18.26	5	1	0	0	0	20	0.476	1.796875	0	0	0	0	0
358	2016-05-23 23:31:08.10	2016-05-23 23:31:17.09	5	1	0	0	0	17	0.389	1.53125	0	0	0	0	0
360	2016-05-23 23:32:38.37	2016-05-23 23:32:39.45	5	1	0	1	0	0	0	0	0	0	0	0	0
360	2016-05-23 23:32:43.18	2016-05-23 23:32:43.87	6	-1	1	1	0	0	0	0	0	0	0	0	0
360	2016-05-23 23:33:02.14	2016-05-23 23:33:02.26	6	-1	1	1	0	0	0	0	0	0	0	0	0
361	2016-05-23 23:33:43.35	2016-05-23 23:33:44.04	5	1	0	1	0	0	0	0	0	0	0	0	0
361	2016-05-23 23:34:00.70	2016-05-23 23:34:01.56	5	1	0	1	0	0	0	0	0	0	0	0	0
365	2016-05-23 23:34:30.23	2016-05-23 23:34:37.56	5	1	0	0	0	24	0.81	2.21875	0	0	0	0	0
366	2016-05-23 23:34:44.62	2016-05-23 23:34:52.07	5	1	0	0	0	23	0.603	2.03125	0	0	0	0	0
367	2016-05-23 23:34:59.31	2016-05-23 23:35:08.68	5	1	0	0	0	32	1.494	3.265625	0	0	0	0	0
367	2016-05-23 23:35:13.48	2016-05-23 23:35:14.17	6	-1	1	0	0	0	0	0	0	0	0	0	0
368	2016-05-23 23:36:06.60	2016-05-23 23:36:07.60	6	-1	1	0	0	0	0	0	0	0	0	0	0
368	2016-05-23 23:36:09.45	2016-05-23 23:36:09.71	6	-1	1	0	0	0	0	0	0	0	0	0	0
368	2016-05-23 23:36:19.25	2016-05-23 23:36:19.39	5	1	0	1	0	0	0	0	0	0	0	0	0
368	2016-05-23 23:36:20.25	2016-05-23 23:36:21.09	6	-1	1	1	0	0	0	0	0	0	0	0	0
368	2016-05-23 23:36:21.37	2016-05-23 23:36:22.51	5	1	0	1	0	0	0	0	0	0	0	0	0
368	2016-05-23 23:36:27.53	2016-05-23 23:36:27.59	5	1	0	1	0	0	0	0	0	0	0	0	0
369	2016-05-23 23:36:37.57	2016-05-23 23:36:42.81	5	1	0	0	0	9	0.44	1.046875	0	0	0	0	0
370	2016-05-23 23:36:51.43	2016-05-23 23:36:51.45	5	1	0	1	0	0	0	0	0	0	0	0	0
370	2016-05-23 23:36:51.92	2016-05-23 23:36:52.29	5	1	0	1	0	0	0	0	0	0	0	0	0
370	2016-05-23 23:37:13.79	2016-05-23 23:37:14.14	6	-1	1	1	0	0	0	0	0	0	0	0	0
370	2016-05-23 23:37:21.10	2016-05-23 23:37:21.39	5	1	0	1	0	0	0	0	0	0	0	0	0
372	2016-05-23 23:38:07.46	2016-05-23 23:38:07.65	6	-1	1	0	0	0	0	0	0	0	0	0	0
372	2016-05-23 23:38:09.93	2016-05-23 23:38:09.96	6	-1	1	0	0	0	0	0	0	0	0	0	0
372	2016-05-23 23:38:10.59	2016-05-23 23:38:11.56	6	-1	1	0	0	0	0	0	0	0	0	0	0
372	2016-05-23 23:38:12.53	2016-05-23 23:38:12.56	6	-1	1	0	0	0	0	0	0	0	0	0	0
372	2016-05-23 23:38:12.89	2016-05-23 23:38:12.92	6	-1	1	0	0	0	0	0	0	0	0	0	0
372	2016-05-23 23:38:13.46	2016-05-23 23:38:14.15	6	-1	1	0	0	0	0	0	0	0	0	0	0
373	2016-05-23 23:38:25.92	2016-05-23 23:38:33.39	5	1	0	0	0	10	0.413	1.078125	0	0	0	0	0
373	2016-05-23 23:38:35.96	2016-05-23 23:38:37.15	6	-1	1	0	0	0	0	0	0	0	0	0	0
373	2016-05-23 23:38:53.18	2016-05-23 23:38:54.35	5	1	0	1	0	0	0	0	0	0	0	0	0
374	2016-05-23 23:39:10.87	2016-05-23 23:39:14.28	5	1	0	0	0	6	0.565	1	0	0	0	0	0
375	2016-05-23 23:39:30.84	2016-05-23 23:39:31.20	5	1	0	1	0	0	0	0	0	0	0	0	0
375	2016-05-23 23:39:33.51	2016-05-23 23:39:34.45	6	-1	1	1	0	0	0	0	0	0	0	0	0
375	2016-05-23 23:39:34.50	2016-05-23 23:39:34.65	6	-1	1	1	0	0	0	0	0	0	0	0	0
376	2016-05-23 23:39:52.93	2016-05-23 23:39:53.42	5	1	0	1	0	0	0	0	0	0	0	0	0
376	2016-05-23 23:39:54.15	2016-05-23 23:39:54.23	5	1	0	1	0	0	0	0	0	0	0	0	0
377	2016-05-23 23:40:00.82	2016-05-23 23:40:07.85	5	1	0	0	0	14	0.572	1.421875	0	0	0	0	0
378	2016-05-23 23:40:12.09	2016-05-23 23:40:16.40	5	1	0	0	0	9	0.288	0.921875	0	0	0	0	0
381	2016-05-23 23:40:32.04	2016-05-23 23:40:32.18	5	1	0	1	0	0	0	0	0	0	0	0	0
383	2016-05-23 23:40:45.54	2016-05-23 23:40:53.20	5	1	0	0	0	11	0.401	1.171875	0	0	0	0	0
384	2016-05-23 23:41:00.96	2016-05-23 23:41:11.23	5	1	0	0	0	10	0.374	1.09375	0	0	0	0	0
385	2016-05-23 23:41:16.73	2016-05-23 23:41:24.51	5	1	0	0	0	9	0.26	0.9375	0	0	0	0	0
386	2016-05-23 23:41:31.89	2016-05-23 23:41:38.23	5	1	0	0	0	24	0.787	2.484375	0	0	0	0	0
387	2016-05-23 23:41:47.51	2016-05-23 23:41:57.09	5	1	0	0	0	9	0.344	0.96875	0	0	0	0	0
388	2016-05-23 23:42:04.98	2016-05-23 23:42:10.60	5	1	0	0	0	25	0.728	2.328125	0	0	0	0	0
389	2016-05-23 23:42:17.04	2016-05-23 23:42:24.03	5	1	0	0	0	16	1.127	2.046875	0	0	0	0	0
390	2016-05-23 23:42:31.34	2016-05-23 23:42:38.78	5	1	0	0	0	13	0.375	1.3125	0	0	0	0	0
391	2016-05-23 23:43:00.35	2016-05-23 23:43:07.81	5	1	0	0	0	10	0.289	1.03125	0	0	0	0	0
391	2016-05-23 23:43:13.25	2016-05-23 23:43:13.39	5	1	0	1	0	0	0	0	0	0	0	0	0
392	2016-05-23 23:43:21.92	2016-05-23 23:43:22.01	6	-1	1	0	0	0	0	0	0	0	0	0	0
392	2016-05-23 23:43:22.50	2016-05-23 23:43:39.07	5	1	0	0	0	12	0.597	1.4375	0	0	0	0	0
393	2016-05-23 23:43:44.65	2016-05-23 23:44:01.10	5	1	0	0	0	13	0.43	1.28125	0	0	0	0	0
394	2016-05-23 23:44:06.60	2016-05-23 23:44:23.78	5	1	0	0	0	15	0.638	1.53125	0	0	0	0	0
395	2016-05-23 23:44:30.64	2016-05-23 23:44:51.65	5	1	0	0	0	15	0.614	1.59375	0	0	0	0	0
395	2016-05-23 23:44:58.73	2016-05-23 23:44:59.17	5	1	0	1	0	0	0	0	0	0	0	0	0
396	2016-05-23 23:45:08.01	2016-05-23 23:45:08.64	5	1	0	1	0	0	0	0	0	0	0	0	0
396	2016-05-23 23:45:20.98	2016-05-23 23:45:21.25	5	1	0	1	0	0	0	0	0	0	0	0	0
397	2016-05-23 23:45:25.89	2016-05-23 23:45:25.93	6	-1	1	0	0	0	0	0	0	0	0	0	0
397	2016-05-23 23:45:26.98	2016-05-23 23:45:48.82	5	1	0	0	0	14	0.442	1.359375	0	0	0	0	0
398	2016-05-23 23:46:06.71	2016-05-23 23:46:16.10	5	1	0	0	0	10	0.246	0.984375	0	0	0	0	0
399	2016-05-23 23:46:22.68	2016-05-23 23:46:40.62	5	1	0	0	0	12	0.247	1.078125	0	0	0	0	0
400	2016-05-23 23:46:57.60	2016-05-23 23:47:20.59	5	1	0	0	0	14	0.57	1.453125	0	0	0	0	0
401	2016-05-23 23:47:40.89	2016-05-23 23:48:01.84	5	1	0	0	0	15	0.443	1.359375	0	0	0	0	0
402	2016-05-23 23:48:17.43	2016-05-23 23:48:36.45	5	1	0	0	0	11	0.403	1.28125	0	0	0	0	0
403	2016-05-23 23:48:50.67	2016-05-23 23:49:11.95	5	1	0	0	0	25	0.784	2.4375	0	0	0	0	0
404	2016-05-23 23:49:17.35	2016-05-23 23:49:29.82	5	1	0	0	0	13	0.455	1.375	0	0	0	0	0
405	2016-05-23 23:49:34.53	2016-05-23 23:49:38.17	5	1	0	0	0	6	0.116	0.5	0	0	0	0	0
406	2016-05-23 23:49:44.56	2016-05-23 23:49:52.45	5	1	0	0	0	10	0.274	0.90625	0	0	0	0	0
406	2016-05-23 23:50:10.31	2016-05-23 23:50:10.59	6	-1	1	0	0	0	0	0	0	0	0	0	0
406	2016-05-23 23:51:02.70	2016-05-23 23:51:03.60	6	-1	1	0	0	0	0	0	0	0	0	0	0
407	2016-05-23 23:51:10.62	2016-05-23 23:51:19.01	5	1	0	0	0	10	0.302	0.953125	0	0	0	0	0
408	2016-05-23 23:51:24.23	2016-05-23 23:51:35.25	5	1	0	0	0	14	0.471	1.40625	0	0	0	0	0
409	2016-05-23 23:51:39.17	2016-05-23 23:51:52.23	5	1	0	0	0	13	0.333	1.25	0	0	0	0	0
410	2016-05-23 23:51:57.50	2016-05-23 23:51:57.60	5	1	0	1	0	0	0	0	0	0	0	0	0
411	2016-05-23 23:52:01.39	2016-05-23 23:52:01.56	6	-1	1	0	0	0	0	0	0	0	0	0	0
411	2016-05-23 23:52:01.65	2016-05-23 23:52:02.53	6	-1	1	0	0	0	0	0	0	0	0	0	0
411	2016-05-23 23:52:02.87	2016-05-23 23:52:03.89	6	-1	1	1	0	0	0	0	0	0	0	0	0
411	2016-05-23 23:52:03.51	2016-05-23 23:52:04.10	5	1	0	1	0	0	0	0	0	0	0	0	0
411	2016-05-23 23:52:04.12	2016-05-23 23:52:04.85	5	1	0	1	0	0	0	0	0	0	0	0	0
412	2016-05-23 23:52:10.89	2016-05-23 23:52:11.07	5	1	0	1	0	0	0	0	0	0	0	0	0
420	2016-05-23 23:52:31.12	2016-05-23 23:52:32.04	5	1	0	1	0	0	0	0	0	0	0	0	0
421	2016-05-23 23:52:43.95	2016-05-23 23:52:53.50	5	1	0	0	0	13	0.416	1.25	0	0	0	0	0
422	2016-05-23 23:52:58.89	2016-05-23 23:53:08.34	5	1	0	0	0	12	0.319	1.234375	0	0	0	0	0
422	2016-05-23 23:53:24.93	2016-05-23 23:53:25.31	6	-1	1	0	0	0	0	0	0	0	0	0	0
422	2016-05-23 23:53:43.32	2016-05-23 23:53:43.46	6	-1	1	0	0	0	0	0	0	0	0	0	0
422	2016-05-23 23:53:45.98	2016-05-23 23:53:46.21	5	1	0	1	0	0	0	0	0	0	0	0	0
422	2016-05-23 23:53:46.06	2016-05-23 23:53:46.75	6	-1	1	1	0	0	0	0	0	0	0	0	0
422	2016-05-23 23:53:46.60	2016-05-23 23:53:47.15	5	1	0	1	0	0	0	0	0	0	0	0	0
423	2016-05-23 23:56:03.12	2016-05-23 23:56:10.84	5	1	0	0	0	14	0.362	1.359375	0	0	0	0	0
424	2016-05-23 23:56:21.90	2016-05-23 23:56:26.89	5	1	0	0	0	19	0.457	1.59375	0	0	0	0	0
425	2016-05-23 23:56:34.54	2016-05-23 23:56:34.59	5	1	0	1	0	0	0	0	0	0	0	0	0
425	2016-05-23 23:56:36.06	2016-05-23 23:56:36.10	5	1	0	1	0	0	0	0	0	0	0	0	0
426	2016-05-23 23:57:01.43	2016-05-23 23:57:20.82	5	1	0	0	0	16	0.351	1.5	0	0	0	0	0
427	2016-05-23 23:57:27.32	2016-05-23 23:57:33.59	5	1	0	0	0	15	0.419	1.390625	0	0	0	0	0
428	2016-05-23 23:57:41.53	2016-05-23 23:57:41.56	5	1	0	1	0	0	0	0	0	0	0	0	0
428	2016-05-23 23:57:47.01	2016-05-23 23:57:47.14	6	-1	1	1	0	0	0	0	0	0	0	0	0
428	2016-05-23 23:57:47.07	2016-05-23 23:57:47.18	5	1	0	1	0	0	0	0	0	0	0	0	0
428	2016-05-23 23:57:47.17	2016-05-23 23:57:47.25	6	-1	1	1	0	0	0	0	0	0	0	0	0
428	2016-05-23 23:57:47.28	2016-05-23 23:57:47.81	6	-1	1	1	0	0	0	0	0	0	0	0	0
428	2016-05-23 23:57:47.76	2016-05-23 23:57:47.84	5	1	0	1	0	0	0	0	0	0	0	0	0
428	2016-05-23 23:57:48.17	2016-05-23 23:57:48.18	5	1	0	1	0	0	0	0	0	0	0	0	0
428	2016-05-23 23:57:48.26	2016-05-23 23:57:49.48	5	1	0	1	0	0	0	0	0	0	0	0	0
429	2016-05-23 23:58:01.57	2016-05-23 23:58:12.07	5	1	0	0	0	18	0.502	1.8125	0	0	0	0	0
430	2016-05-23 23:58:20.07	2016-05-23 23:58:28.35	5	1	0	0	0	21	0.835	2.1875	0	0	0	0	0
430	2016-05-23 23:58:31.18	2016-05-23 23:58:31.43	6	-1	1	0	0	0	0	0	0	0	0	0	0
431	2016-05-23 23:58:38.18	2016-05-23 23:58:46.20	5	1	0	0	0	16	0.696	1.734375	0	0	0	0	0
432	2016-05-23 23:58:55.42	2016-05-23 23:59:09.03	5	1	0	0	0	8	0.259	0.84375	0	0	0	0	0
433	2016-05-23 23:59:18.90	2016-05-23 23:59:19.04	5	1	0	0	0	0	0	0	0	0	0	0	0
437	2016-05-24 00:00:33.65	2016-05-24 00:00:34.62	5	1	0	0	0	0	0	0	0	0	0	0	0
437	2016-05-24 00:00:34.15	2016-05-24 00:00:34.87	6	-1	1	0	0	0	0	0	0	0	0	0	0
437	2016-05-24 00:00:34.90	2016-05-24 00:00:35.98	6	-1	1	0	0	0	0	0	0	0	0	0	0
437	2016-05-24 00:00:36.43	2016-05-24 00:00:37.64	5	1	0	0	0	0	0	0	0	0	0	0	0
437	2016-05-24 00:00:37.73	2016-05-24 00:00:37.98	5	1	0	0	0	0	0	0	0	0	0	0	0
438	2016-05-24 00:00:46.37	2016-05-24 00:00:46.54	6	-1	1	0	0	0	0	0	0	0	0	0	0
438	2016-05-24 00:00:48.00	2016-05-24 00:00:48.31	5	1	0	0	0	0	0	0	0	0	0	0	0
443	2016-05-24 00:02:05.39	2016-05-24 00:02:05.76	5	1	0	0	0	0	0	0	0	0	0	0	0
444	2016-05-24 00:03:25.68	2016-05-24 00:03:25.90	5	1	0	0	0	0	0	0	0	0	0	0	0
444	2016-05-24 00:03:28.78	2016-05-24 00:03:29.42	5	1	0	0	0	0	0	0	0	0	0	0	0
444	2016-05-24 00:03:33.32	2016-05-24 00:03:33.57	6	-1	1	0	0	0	0	0	0	0	0	0	0
444	2016-05-24 00:04:17.64	2016-05-24 00:04:19.00	6	-1	1	0	0	0	0	0	0	0	0	0	0
444	2016-05-24 00:04:19.18	2016-05-24 00:04:20.17	6	-1	1	0	0	0	0	0	0	0	0	0	0
446	2016-05-24 00:05:22.68	2016-05-24 00:05:23.03	6	-1	1	0	0	0	0	0	0	0	0	0	0
446	2016-05-24 00:05:26.01	2016-05-24 00:05:26.68	5	1	0	0	0	0	0	0	0	0	0	0	0
447	2016-05-24 00:05:48.73	2016-05-24 00:05:49.03	5	1	0	0	0	0	0	0	0	0	0	0	0
447	2016-05-24 00:05:57.81	2016-05-24 00:05:58.68	5	1	0	0	0	0	0	0	0	0	0	0	0
447	2016-05-24 00:05:58.93	2016-05-24 00:05:59.03	5	1	0	0	0	0	0	0	0	0	0	0	0
448	2016-05-24 00:06:57.93	2016-05-24 00:06:58.00	6	-1	1	0	0	0	0	0	0	0	0	0	0
448	2016-05-24 00:07:11.23	2016-05-24 00:07:11.54	6	-1	1	0	0	0	0	0	0	0	0	0	0
448	2016-05-24 00:07:13.95	2016-05-24 00:07:14.21	6	-1	1	0	0	0	0	0	0	0	0	0	0
448	2016-05-24 00:07:13.60	2016-05-24 00:07:15.12	5	1	0	0	0	0	0	0	0	0	0	0	0
448	2016-05-24 00:07:15.37	2016-05-24 00:07:17.62	6	-1	1	0	0	0	0	0	0	0	0	0	0
455	2016-05-24 00:07:59.21	2016-05-24 00:07:59.73	5	1	0	0	0	0	0	0	0	0	0	0	0
459	2016-05-24 00:10:16.46	2016-05-24 00:10:17.07	5	1	0	0	0	0	0	0	0	0	0	0	0
459	2016-05-24 00:11:01.64	2016-05-24 00:11:01.67	5	1	0	0	0	0	0	0	0	0	0	0	0
459	2016-05-24 00:11:06.32	2016-05-24 00:11:06.65	6	-1	1	0	0	0	0	0	0	0	0	0	0
459	2016-05-24 00:11:06.57	2016-05-24 00:11:07.18	5	1	0	0	0	0	0	0	0	0	0	0	0
459	2016-05-24 00:11:06.79	2016-05-24 00:11:07.81	6	-1	1	0	0	0	0	0	0	0	0	0	0
461	2016-05-24 00:11:28.89	2016-05-24 00:11:29.43	5	1	0	0	0	0	0	0	0	0	0	0	0
461	2016-05-24 00:11:29.56	2016-05-24 00:11:30.78	5	1	0	0	0	0	0	0	0	0	0	0	0
461	2016-05-24 00:11:31.93	2016-05-24 00:11:32.54	5	1	0	0	0	0	0	0	0	0	0	0	0
461	2016-05-24 00:11:50.67	2016-05-24 00:11:50.92	6	-1	1	0	0	0	0	0	0	0	0	0	0
462	2016-05-24 00:12:10.37	2016-05-24 00:12:11.01	5	1	0	0	0	0	0	0	0	0	0	0	0
464	2016-05-24 00:13:39.37	2016-05-24 00:13:39.56	6	-1	1	0	0	0	0	0	0	0	0	0	0
464	2016-05-24 00:13:39.73	2016-05-24 00:13:39.90	6	-1	1	0	0	0	0	0	0	0	0	0	0
470	2016-05-24 00:14:32.84	2016-05-24 00:14:33.54	5	1	0	0	0	0	0	0	0	0	0	0	0
478	2016-05-24 00:18:42.01	2016-05-24 00:18:42.12	5	1	0	0	0	0	0	0	0	0	0	0	0
478	2016-05-24 00:18:42.14	2016-05-24 00:18:42.26	5	1	0	0	0	0	0	0	0	0	0	0	0
478	2016-05-24 00:18:42.53	2016-05-24 00:18:42.56	5	1	0	0	0	0	0	0	0	0	0	0	0
478	2016-05-24 00:18:42.28	2016-05-24 00:18:42.70	6	-1	1	0	0	0	0	0	0	0	0	0	0
478	2016-05-24 00:18:43.18	2016-05-24 00:18:43.23	6	-1	1	0	0	0	0	0	0	0	0	0	0
478	2016-05-24 00:18:42.79	2016-05-24 00:18:43.43	5	1	0	0	0	0	0	0	0	0	0	0	0
478	2016-05-24 00:18:55.64	2016-05-24 00:18:55.85	5	1	0	0	0	0	0	0	0	0	0	0	0
480	2016-05-24 00:19:30.26	2016-05-24 00:19:33.40	5	1	0	0	0	0	0	0	0	0	0	0	0
480	2016-05-24 00:19:33.78	2016-05-24 00:19:34.32	5	1	0	0	0	0	0	0	0	0	0	0	0
480	2016-05-24 00:19:37.01	2016-05-24 00:19:37.62	6	-1	1	0	0	0	0	0	0	0	0	0	0
481	2016-05-24 00:21:06.21	2016-05-24 00:21:07.31	5	1	0	0	0	0	0	0	0	0	0	0	0
481	2016-05-24 00:21:16.60	2016-05-24 00:21:18.06	6	-1	1	0	0	0	0	0	0	0	0	0	0
481	2016-05-24 00:21:21.93	2016-05-24 00:21:21.95	5	1	0	0	0	0	0	0	0	0	0	0	0
481	2016-05-24 00:21:22.10	2016-05-24 00:21:22.34	6	-1	1	0	0	0	0	0	0	0	0	0	0
481	2016-05-24 00:21:21.96	2016-05-24 00:21:22.82	5	1	0	0	0	0	0	0	0	0	0	0	0
481	2016-05-24 00:21:22.64	2016-05-24 00:21:24.04	6	-1	1	0	0	0	0	0	0	0	0	0	0
484	2016-05-24 00:22:02.25	2016-05-24 00:22:03.56	6	-1	1	0	0	0	0	0	0	0	0	0	0
484	2016-05-24 00:22:06.84	2016-05-24 00:22:07.53	5	1	0	0	0	0	0	0	0	0	0	0	0
485	2016-05-24 00:22:22.75	2016-05-24 00:22:23.06	5	1	0	0	0	0	0	0	0	0	0	0	0
486	2016-05-24 00:22:42.96	2016-05-24 00:22:43.70	5	1	0	0	0	0	0	0	0	0	0	0	0
487	2016-05-24 00:23:00.67	2016-05-24 00:23:01.07	5	1	0	0	0	0	0	0	0	0	0	0	0
488	2016-05-24 00:23:11.26	2016-05-24 00:23:13.10	6	-1	1	0	0	0	0	0	0	0	0	0	0
488	2016-05-24 00:23:14.90	2016-05-24 00:23:15.54	5	1	0	0	0	0	0	0	0	0	0	0	0
489	2016-05-24 00:23:40.42	2016-05-24 00:23:40.57	5	1	0	0	0	0	0	0	0	0	0	0	0
489	2016-05-24 00:23:40.64	2016-05-24 00:23:40.68	5	1	0	0	0	0	0	0	0	0	0	0	0
489	2016-05-24 00:23:40.45	2016-05-24 00:23:41.46	6	-1	1	0	0	0	0	0	0	0	0	0	0
489	2016-05-24 00:23:41.50	2016-05-24 00:23:41.56	6	-1	1	0	0	0	0	0	0	0	0	0	0
489	2016-05-24 00:23:41.85	2016-05-24 00:23:42.07	5	1	0	0	0	0	0	0	0	0	0	0	0
489	2016-05-24 00:23:42.17	2016-05-24 00:23:42.98	5	1	0	0	0	0	0	0	0	0	0	0	0
490	2016-05-24 00:24:09.15	2016-05-24 00:24:09.50	5	1	0	0	0	0	0	0	0	0	0	0	0
492	2016-05-24 00:25:16.68	2016-05-24 00:25:16.75	6	-1	1	0	0	0	0	0	0	0	0	0	0
492	2016-05-24 00:25:23.53	2016-05-24 00:25:24.37	5	1	0	0	0	0	0	0	0	0	0	0	0
492	2016-05-24 00:25:29.89	2016-05-24 00:25:30.18	6	-1	1	0	0	0	0	0	0	0	0	0	0
496	2016-05-24 00:30:29.15	2016-05-24 00:30:30.25	6	-1	1	0	0	0	0	0	0	0	0	0	0
496	2016-05-24 00:30:31.68	2016-05-24 00:30:32.64	6	-1	1	0	0	0	0	0	0	0	0	0	0
496	2016-05-24 00:30:33.03	2016-05-24 00:30:33.25	6	-1	1	0	0	0	0	0	0	0	0	0	0
496	2016-05-24 00:30:37.15	2016-05-24 00:30:38.01	6	-1	1	0	0	0	0	0	0	0	0	0	0
496	2016-05-24 00:31:27.75	2016-05-24 00:31:28.39	6	-1	1	0	0	0	0	0	0	0	0	0	0
496	2016-05-24 00:31:28.45	2016-05-24 00:31:28.46	6	-1	1	0	0	0	0	0	0	0	0	0	0
497	2016-05-24 00:31:50.75	2016-05-24 00:31:50.76	6	-1	1	0	0	0	0	0	0	0	0	0	0
497	2016-05-24 00:31:50.81	2016-05-24 00:31:51.98	6	-1	1	0	0	0	0	0	0	0	0	0	0
498	2016-05-24 00:32:26.00	2016-05-24 00:32:26.60	5	1	0	0	0	0	0	0	0	0	0	0	0
498	2016-05-24 00:32:48.20	2016-05-24 00:32:48.28	6	-1	1	0	0	0	0	0	0	0	0	0	0
498	2016-05-24 00:32:49.87	2016-05-24 00:32:50.59	6	-1	1	0	0	0	0	0	0	0	0	0	0
498	2016-05-24 00:32:50.68	2016-05-24 00:32:51.21	6	-1	1	0	0	0	0	0	0	0	0	0	0
498	2016-05-24 00:32:54.31	2016-05-24 00:32:55.14	5	1	0	0	0	0	0	0	0	0	0	0	0
498	2016-05-24 00:33:43.42	2016-05-24 00:33:43.59	6	-1	1	0	0	0	0	0	0	0	0	0	0
498	2016-05-24 00:33:44.07	2016-05-24 00:33:44.65	6	-1	1	0	0	0	0	0	0	0	0	0	0
501	2016-05-24 00:34:34.26	2016-05-24 00:34:34.28	6	-1	1	0	0	0	0	0	0	0	0	0	0
501	2016-05-24 00:34:35.75	2016-05-24 00:34:35.84	6	-1	1	0	0	0	0	0	0	0	0	0	0
504	2016-05-24 00:36:14.50	2016-05-24 00:36:14.59	6	-1	1	0	0	0	0	0	0	0	0	0	0
504	2016-05-24 00:36:15.32	2016-05-24 00:36:15.79	5	1	0	0	0	0	0	0	0	0	0	0	0
506	2016-05-24 00:38:15.67	2016-05-24 00:38:16.01	6	-1	1	0	0	0	0	0	0	0	0	0	0
506	2016-05-24 00:38:17.90	2016-05-24 00:38:18.07	5	1	0	0	0	0	0	0	0	0	0	0	0
506	2016-05-24 00:38:28.32	2016-05-24 00:38:28.62	6	-1	1	0	0	0	0	0	0	0	0	0	0
506	2016-05-24 00:38:28.75	2016-05-24 00:38:28.90	6	-1	1	0	0	0	0	0	0	0	0	0	0
506	2016-05-24 00:38:28.95	2016-05-24 00:38:29.37	6	-1	1	0	0	0	0	0	0	0	0	0	0
506	2016-05-24 00:38:29.48	2016-05-24 00:38:30.10	5	1	0	0	0	0	0	0	0	0	0	0	0
506	2016-05-24 00:38:30.12	2016-05-24 00:38:30.26	5	1	0	0	0	0	0	0	0	0	0	0	0
507	2016-05-24 00:38:45.50	2016-05-24 00:38:45.71	5	1	0	0	0	0	0	0	0	0	0	0	0
508	2016-05-24 00:39:08.70	2016-05-24 00:39:09.65	5	1	0	0	0	0	0	0	0	0	0	0	0
508	2016-05-24 00:39:25.89	2016-05-24 00:39:26.32	6	-1	1	0	0	0	0	0	0	0	0	0	0
508	2016-05-24 00:39:26.42	2016-05-24 00:39:28.39	6	-1	1	0	0	0	0	0	0	0	0	0	0
510	2016-05-24 00:40:07.01	2016-05-24 00:40:07.54	5	1	0	0	0	0	0	0	0	0	0	0	0
511	2016-05-24 00:40:33.29	2016-05-24 00:40:33.79	6	-1	1	0	0	0	0	0	0	0	0	0	0
511	2016-05-24 00:40:46.65	2016-05-24 00:40:47.34	6	-1	1	0	0	0	0	0	0	0	0	0	0
511	2016-05-24 00:40:47.39	2016-05-24 00:40:49.51	6	-1	1	0	0	0	0	0	0	0	0	0	0
511	2016-05-24 00:40:49.54	2016-05-24 00:40:49.62	6	-1	1	0	0	0	0	0	0	0	0	0	0
511	2016-05-24 00:40:49.64	2016-05-24 00:40:50.95	6	-1	1	0	0	0	0	0	0	0	0	0	0
511	2016-05-24 00:40:52.51	2016-05-24 00:40:52.78	6	-1	1	0	0	0	0	0	0	0	0	0	0
511	2016-05-24 00:40:52.90	2016-05-24 00:40:53.40	6	-1	1	0	0	0	0	0	0	0	0	0	0
511	2016-05-24 00:40:53.54	2016-05-24 00:40:53.79	6	-1	1	0	0	0	0	0	0	0	0	0	0
511	2016-05-24 00:40:53.20	2016-05-24 00:40:54.35	5	1	0	0	0	0	0	0	0	0	0	0	0
511	2016-05-24 00:40:54.37	2016-05-24 00:40:54.45	5	1	0	0	0	0	0	0	0	0	0	0	0
513	2016-05-24 00:41:11.62	2016-05-24 00:41:12.17	5	1	0	0	0	0	0	0	0	0	0	0	0
514	2016-05-24 00:41:24.92	2016-05-24 00:41:25.00	6	-1	1	0	0	0	0	0	0	0	0	0	0
514	2016-05-24 00:41:25.65	2016-05-24 00:41:26.04	6	-1	1	0	0	0	0	0	0	0	0	0	0
514	2016-05-24 00:41:27.32	2016-05-24 00:41:27.50	6	-1	1	0	0	0	0	0	0	0	0	0	0
514	2016-05-24 00:42:46.31	2016-05-24 00:42:46.62	6	-1	1	0	0	0	0	0	0	0	0	0	0
514	2016-05-24 00:42:45.81	2016-05-24 00:42:47.50	5	1	0	0	0	0	0	0	0	0	0	0	0
514	2016-05-24 00:42:48.15	2016-05-24 00:42:51.14	6	-1	1	0	0	0	0	0	0	0	0	0	0
514	2016-05-24 00:42:53.42	2016-05-24 00:42:53.85	6	-1	1	0	0	0	0	0	0	0	0	0	0
514	2016-05-24 00:42:54.00	2016-05-24 00:42:54.25	6	-1	1	0	0	0	0	0	0	0	0	0	0
515	2016-05-24 00:42:57.90	2016-05-24 00:42:58.84	6	-1	1	0	0	0	0	0	0	0	0	0	0
516	2016-05-24 00:43:07.29	2016-05-24 00:43:08.23	6	-1	1	0	0	0	0	0	0	0	0	0	0
518	2016-05-24 00:43:51.04	2016-05-24 00:43:51.28	6	-1	1	0	0	0	0	0	0	0	0	0	0
521	2016-05-24 00:45:24.73	2016-05-24 00:45:24.98	5	1	0	0	0	0	0	0	0	0	0	0	0
521	2016-05-24 00:45:32.46	2016-05-24 00:45:32.50	6	-1	1	0	0	0	0	0	0	0	0	0	0
521	2016-05-24 00:45:34.35	2016-05-24 00:45:35.15	5	1	0	0	0	0	0	0	0	0	0	0	0
521	2016-05-24 00:45:34.62	2016-05-24 00:45:36.12	6	-1	1	0	0	0	0	0	0	0	0	0	0
530	2016-05-24 00:46:35.17	2016-05-24 00:46:35.26	6	-1	1	0	0	0	0	0	0	0	0	0	0
530	2016-05-24 00:46:35.28	2016-05-24 00:46:35.40	6	-1	1	0	0	0	0	0	0	0	0	0	0
530	2016-05-24 00:46:35.48	2016-05-24 00:46:35.54	6	-1	1	0	0	0	0	0	0	0	0	0	0
532	2016-05-24 00:46:47.32	2016-05-24 00:46:47.85	5	1	0	0	0	0	0	0	0	0	0	0	0
532	2016-05-24 00:46:59.32	2016-05-24 00:46:59.60	6	-1	1	0	0	0	0	0	0	0	0	0	0
532	2016-05-24 00:47:00.84	2016-05-24 00:47:01.48	5	1	0	0	0	0	0	0	0	0	0	0	0
538	2016-05-24 00:48:17.25	2016-05-24 00:48:17.46	6	-1	1	0	0	0	0	0	0	0	0	0	0
538	2016-05-24 00:48:54.03	2016-05-24 00:48:54.35	5	1	0	0	0	0	0	0	0	0	0	0	0
538	2016-05-24 00:48:56.00	2016-05-24 00:48:56.93	6	-1	1	0	0	0	0	0	0	0	0	0	0
538	2016-05-24 00:48:57.34	2016-05-24 00:48:58.00	5	1	0	0	0	0	0	0	0	0	0	0	0
544	2016-05-24 00:53:12.68	2016-05-24 00:53:13.45	5	1	0	0	0	0	0	0	0	0	0	0	0
545	2016-05-24 00:53:28.95	2016-05-24 00:53:29.10	6	-1	1	0	0	0	0	0	0	0	0	0	0
546	2016-05-24 00:53:49.87	2016-05-24 00:53:50.20	5	1	0	0	0	0	0	0	0	0	0	0	0
546	2016-05-24 00:54:01.59	2016-05-24 00:54:02.15	6	-1	1	0	0	0	0	0	0	0	0	0	0
550	2016-05-24 00:55:30.57	2016-05-24 00:55:30.96	6	-1	1	0	0	0	0	0	0	0	0	0	0
550	2016-05-24 00:55:36.18	2016-05-24 00:55:36.60	5	1	0	0	0	0	0	0	0	0	0	0	0
551	2016-05-24 00:57:45.76	2016-05-24 00:57:46.43	5	1	0	0	0	0	0	0	0	0	0	0	0
551	2016-05-24 00:57:53.54	2016-05-24 00:57:53.90	6	-1	1	0	0	0	0	0	0	0	0	0	0
551	2016-05-24 00:57:57.81	2016-05-24 00:57:57.89	6	-1	1	0	0	0	0	0	0	0	0	0	0
551	2016-05-24 00:57:59.50	2016-05-24 00:57:59.82	6	-1	1	0	0	0	0	0	0	0	0	0	0
551	2016-05-24 00:58:39.23	2016-05-24 00:58:39.50	6	-1	1	0	0	0	0	0	0	0	0	0	0
551	2016-05-24 00:58:46.43	2016-05-24 00:58:46.78	6	-1	1	0	0	0	0	0	0	0	0	0	0
551	2016-05-24 00:58:47.84	2016-05-24 00:58:47.90	6	-1	1	0	0	0	0	0	0	0	0	0	0
551	2016-05-24 00:58:48.06	2016-05-24 00:58:48.46	6	-1	1	0	0	0	0	0	0	0	0	0	0
551	2016-05-24 00:58:50.12	2016-05-24 00:58:50.20	6	-1	1	0	0	0	0	0	0	0	0	0	0
551	2016-05-24 00:58:52.54	2016-05-24 00:58:53.53	5	1	0	0	0	0	0	0	0	0	0	0	0
551	2016-05-24 00:58:53.68	2016-05-24 00:58:54.00	5	1	0	0	0	0	0	0	0	0	0	0	0
551	2016-05-24 00:58:53.81	2016-05-24 00:58:54.06	6	-1	1	0	0	0	0	0	0	0	0	0	0
551	2016-05-24 00:58:54.14	2016-05-24 00:58:54.20	6	-1	1	0	0	0	0	0	0	0	0	0	0
551	2016-05-24 00:58:54.04	2016-05-24 00:58:54.57	5	1	0	0	0	0	0	0	0	0	0	0	0
551	2016-05-24 00:58:54.62	2016-05-24 00:58:54.85	5	1	0	0	0	0	0	0	0	0	0	0	0
553	2016-05-24 00:58:56.40	2016-05-24 00:58:57.60	6	-1	1	0	0	0	0	0	0	0	0	0	0
554	2016-05-24 00:59:32.54	2016-05-24 00:59:33.70	5	1	0	0	0	0	0	0	0	0	0	0	0
554	2016-05-24 01:00:11.96	2016-05-24 01:00:12.54	5	1	0	0	0	0	0	0	0	0	0	0	0
559	2016-05-24 01:01:39.50	2016-05-24 01:01:39.64	6	-1	1	0	0	0	0	0	0	0	0	0	0
561	2016-05-24 01:02:18.62	2016-05-24 01:02:18.95	6	-1	1	0	0	0	0	0	0	0	0	0	0
563	2016-05-24 01:03:15.90	2016-05-24 01:03:16.34	6	-1	1	0	0	0	0	0	0	0	0	0	0
563	2016-05-24 01:03:23.23	2016-05-24 01:03:23.26	5	1	0	0	0	0	0	0	0	0	0	0	0
563	2016-05-24 01:03:24.35	2016-05-24 01:03:24.40	6	-1	1	0	0	0	0	0	0	0	0	0	0
563	2016-05-24 01:03:24.84	2016-05-24 01:03:24.90	6	-1	1	0	0	0	0	0	0	0	0	0	0
563	2016-05-24 01:03:24.28	2016-05-24 01:03:29.07	5	1	0	0	0	0	0	0	0	0	0	0	0
565	2016-05-24 01:03:54.70	2016-05-24 01:03:54.78	6	-1	1	0	0	0	0	0	0	0	0	0	0
566	2016-05-24 01:04:01.59	2016-05-24 01:04:01.79	5	1	0	0	0	0	0	0	0	0	0	0	0
566	2016-05-24 01:04:01.82	2016-05-24 01:04:02.62	5	1	0	0	0	0	0	0	0	0	0	0	0
567	2016-05-24 01:06:29.06	2016-05-24 01:06:29.35	6	-1	1	0	0	0	0	0	0	0	0	0	0
567	2016-05-24 01:06:31.70	2016-05-24 01:06:32.01	6	-1	1	0	0	0	0	0	0	0	0	0	0
567	2016-05-24 01:07:06.25	2016-05-24 01:07:07.01	6	-1	1	0	0	0	0	0	0	0	0	0	0
567	2016-05-24 01:08:05.59	2016-05-24 01:08:05.84	6	-1	1	0	0	0	0	0	0	0	0	0	0
567	2016-05-24 01:08:27.25	2016-05-24 01:08:27.31	5	1	0	0	0	0	0	0	0	0	0	0	0
567	2016-05-24 01:08:27.48	2016-05-24 01:08:27.90	5	1	0	0	0	0	0	0	0	0	0	0	0
567	2016-05-24 01:08:27.32	2016-05-24 01:08:29.04	6	-1	1	0	0	0	0	0	0	0	0	0	0
567	2016-05-24 01:08:27.93	2016-05-24 01:08:29.32	5	1	0	0	0	0	0	0	0	0	0	0	0
567	2016-05-24 01:08:30.09	2016-05-24 01:08:31.57	6	-1	1	0	0	0	0	0	0	0	0	0	0
569	2016-05-24 01:10:05.59	2016-05-24 01:10:05.64	6	-1	1	0	0	0	0	0	0	0	0	0	0
569	2016-05-24 01:10:05.71	2016-05-24 01:10:05.73	6	-1	1	0	0	0	0	0	0	0	0	0	0
569	2016-05-24 01:11:17.37	2016-05-24 01:11:17.42	6	-1	1	0	0	0	0	0	0	0	0	0	0
571	2016-05-24 01:20:43.28	2016-05-24 01:20:44.06	5	1	0	0	0	0	0	0	0	0	0	0	0
571	2016-05-24 01:21:44.95	2016-05-24 01:21:45.29	5	1	0	0	0	0	0	0	0	0	0	0	0
571	2016-05-24 01:22:06.59	2016-05-24 01:22:07.56	6	-1	1	0	0	0	0	0	0	0	0	0	0
571	2016-05-24 01:22:16.78	2016-05-24 01:22:16.81	6	-1	1	0	0	0	0	0	0	0	0	0	0
572	2016-05-24 01:22:59.07	2016-05-24 01:22:59.35	6	-1	1	0	0	0	0	0	0	0	0	0	0
574	2016-05-24 01:33:49.34	2016-05-24 01:33:49.64	5	1	0	0	0	0	0	0	0	0	0	0	0
575	2016-05-24 01:43:21.31	2016-05-24 01:43:22.01	6	-1	1	0	0	0	0	0	0	0	0	0	0
577	2016-05-24 01:47:30.70	2016-05-24 01:47:31.40	5	1	0	0	0	0	0	0	0	0	0	0	0
577	2016-05-24 01:47:33.14	2016-05-24 01:47:34.04	6	-1	1	0	0	0	0	0	0	0	0	0	0
577	2016-05-24 01:47:33.09	2016-05-24 01:47:34.71	5	1	0	0	0	0	0	0	0	0	0	0	0
577	2016-05-24 01:47:34.64	2016-05-24 01:47:35.73	6	-1	1	0	0	0	0	0	0	0	0	0	0
577	2016-05-24 01:47:36.18	2016-05-24 01:47:36.31	6	-1	1	0	0	0	0	0	0	0	0	0	0
580	2016-05-24 02:04:46.78	2016-05-24 02:04:48.29	6	-1	1	0	0	0	0	0	0	0	0	0	0
584	2016-05-24 02:07:10.06	2016-05-24 02:07:10.26	6	-1	1	0	0	0	0	0	0	0	0	0	0
585	2016-05-24 02:09:43.93	2016-05-24 02:09:43.96	5	1	0	0	0	0	0	0	0	0	0	0	0
585	2016-05-24 02:09:44.17	2016-05-24 02:09:44.20	5	1	0	0	0	0	0	0	0	0	0	0	0
585	2016-05-24 02:09:44.28	2016-05-24 02:09:44.56	5	1	0	0	0	0	0	0	0	0	0	0	0
585	2016-05-24 02:09:53.29	2016-05-24 02:09:53.96	6	-1	1	0	0	0	0	0	0	0	0	0	0
585	2016-05-24 02:09:58.21	2016-05-24 02:09:58.56	6	-1	1	0	0	0	0	0	0	0	0	0	0
586	2016-05-24 02:15:45.68	2016-05-24 02:15:46.14	5	1	0	0	0	0	0	0	0	0	0	0	0
586	2016-05-24 02:16:03.59	2016-05-24 02:16:04.03	5	1	0	0	0	0	0	0	0	0	0	0	0
586	2016-05-24 02:16:04.09	2016-05-24 02:16:04.93	5	1	0	0	0	0	0	0	0	0	0	0	0
589	2016-05-24 02:33:32.78	2016-05-24 02:33:32.89	5	1	0	0	0	0	0	0	0	0	0	0	0
590	2016-05-24 02:33:57.25	2016-05-24 02:33:57.90	6	-1	1	0	0	0	0	0	0	0	0	0	0
590	2016-05-24 02:34:06.37	2016-05-24 02:34:06.39	6	-1	1	0	0	0	0	0	0	0	0	0	0
590	2016-05-24 02:34:15.10	2016-05-24 02:34:15.59	6	-1	1	0	0	0	0	0	0	0	0	0	0
590	2016-05-24 02:34:20.68	2016-05-24 02:34:21.29	5	1	0	0	0	0	0	0	0	0	0	0	0
590	2016-05-24 02:34:22.29	2016-05-24 02:34:22.89	5	1	0	0	0	0	0	0	0	0	0	0	0
590	2016-05-24 02:34:23.73	2016-05-24 02:34:24.12	5	1	0	0	0	0	0	0	0	0	0	0	0
590	2016-05-24 02:34:24.96	2016-05-24 02:34:25.15	5	1	0	0	0	0	0	0	0	0	0	0	0
590	2016-05-24 02:34:25.32	2016-05-24 02:34:25.34	5	1	0	0	0	0	0	0	0	0	0	0	0
590	2016-05-24 02:34:25.60	2016-05-24 02:34:26.32	5	1	0	0	0	0	0	0	0	0	0	0	0
590	2016-05-24 02:34:30.45	2016-05-24 02:34:30.85	5	1	0	0	0	0	0	0	0	0	0	0	0
590	2016-05-24 02:34:35.10	2016-05-24 02:34:35.51	5	1	0	0	0	0	0	0	0	0	0	0	0
590	2016-05-24 02:34:36.04	2016-05-24 02:34:36.10	5	1	0	0	0	0	0	0	0	0	0	0	0
590	2016-05-24 02:34:37.92	2016-05-24 02:34:37.95	5	1	0	0	0	0	0	0	0	0	0	0	0
590	2016-05-24 02:34:38.00	2016-05-24 02:34:38.01	5	1	0	0	0	0	0	0	0	0	0	0	0
590	2016-05-24 02:34:38.60	2016-05-24 02:34:38.62	5	1	0	0	0	0	0	0	0	0	0	0	0
590	2016-05-24 02:34:43.73	2016-05-24 02:34:45.09	6	-1	1	0	0	0	0	0	0	0	0	0	0
590	2016-05-24 02:34:49.15	2016-05-24 02:34:49.34	5	1	0	0	0	0	0	0	0	0	0	0	0
590	2016-05-24 02:34:50.56	2016-05-24 02:34:50.93	5	1	0	0	0	0	0	0	0	0	0	0	0
590	2016-05-24 02:34:58.15	2016-05-24 02:34:58.53	6	-1	1	0	0	0	0	0	0	0	0	0	0
591	2016-05-24 02:36:05.39	2016-05-24 02:36:05.53	6	-1	1	0	0	0	0	0	0	0	0	0	0
591	2016-05-24 02:36:11.96	2016-05-24 02:36:12.03	5	1	0	0	0	0	0	0	0	0	0	0	0
591	2016-05-24 02:36:13.35	2016-05-24 02:36:13.37	5	1	0	0	0	0	0	0	0	0	0	0	0
591	2016-05-24 02:36:13.51	2016-05-24 02:36:13.76	5	1	0	0	0	0	0	0	0	0	0	0	0
591	2016-05-24 02:36:13.78	2016-05-24 02:36:13.82	5	1	0	0	0	0	0	0	0	0	0	0	0
591	2016-05-24 02:36:13.73	2016-05-24 02:36:13.96	6	-1	1	0	0	0	0	0	0	0	0	0	0
591	2016-05-24 02:36:14.70	2016-05-24 02:36:16.46	6	-1	1	0	0	0	0	0	0	0	0	0	0
591	2016-05-24 02:36:17.03	2016-05-24 02:36:18.73	6	-1	1	0	0	0	0	0	0	0	0	0	0
592	2016-05-24 02:36:26.39	2016-05-24 02:36:26.65	5	1	0	0	0	0	0	0	0	0	0	0	0
593	2016-05-24 03:26:46.53	2016-05-24 03:26:46.75	5	1	0	0	0	0	0	0	0	0	0	0	0
596	2016-05-24 05:56:08.17	2016-05-24 05:56:08.85	6	-1	1	0	0	0	0	0	0	0	0	0	0
597	2016-05-24 05:58:08.18	2016-05-24 05:58:08.82	5	1	0	0	0	0	0	0	0	0	0	0	0
598	2016-05-24 05:58:22.09	2016-05-24 05:58:22.25	6	-1	1	0	0	0	0	0	0	0	0	0	0
599	2016-05-24 05:59:38.23	2016-05-24 05:59:38.26	6	-1	1	0	0	0	0	0	0	0	0	0	0
599	2016-05-24 05:59:38.25	2016-05-24 05:59:38.85	5	1	0	0	0	0	0	0	0	0	0	0	0
599	2016-05-24 05:59:39.26	2016-05-24 05:59:39.35	5	1	0	0	0	0	0	0	0	0	0	0	0
599	2016-05-24 05:59:38.95	2016-05-24 05:59:40.57	6	-1	1	0	0	0	0	0	0	0	0	0	0
599	2016-05-24 05:59:40.93	2016-05-24 05:59:41.03	6	-1	1	0	0	0	0	0	0	0	0	0	0
599	2016-05-24 05:59:41.20	2016-05-24 05:59:41.54	6	-1	1	0	0	0	0	0	0	0	0	0	0
600	2016-05-24 05:59:48.87	2016-05-24 05:59:49.46	6	-1	1	0	0	0	0	0	0	0	0	0	0
600	2016-05-24 06:00:05.95	2016-05-24 06:00:06.48	5	1	0	0	0	0	0	0	0	0	0	0	0
600	2016-05-24 06:00:17.34	2016-05-24 06:00:17.56	6	-1	1	0	0	0	0	0	0	0	0	0	0
600	2016-05-24 06:00:22.39	2016-05-24 06:00:22.87	6	-1	1	0	0	0	0	0	0	0	0	0	0
600	2016-05-24 06:00:27.68	2016-05-24 06:00:27.71	6	-1	1	0	0	0	0	0	0	0	0	0	0
600	2016-05-24 06:00:27.73	2016-05-24 06:00:27.75	6	-1	1	0	0	0	0	0	0	0	0	0	0
600	2016-05-24 06:00:28.68	2016-05-24 06:00:28.96	6	-1	1	0	0	0	0	0	0	0	0	0	0
600	2016-05-24 06:00:32.29	2016-05-24 06:00:32.46	6	-1	1	0	0	0	0	0	0	0	0	0	0
601	2016-05-24 06:03:48.85	2016-05-24 06:03:49.15	6	-1	1	0	0	0	0	0	0	0	0	0	0
602	2016-05-24 06:04:11.82	2016-05-24 06:04:12.45	5	1	0	0	0	0	0	0	0	0	0	0	0
611	2016-05-24 06:08:41.60	2016-05-24 06:08:42.12	5	1	0	0	0	0	0	0	0	0	0	0	0
611	2016-05-24 06:08:45.46	2016-05-24 06:08:45.79	6	-1	1	0	0	0	0	0	0	0	0	0	0
611	2016-05-24 06:08:45.90	2016-05-24 06:08:46.28	6	-1	1	0	0	0	0	0	0	0	0	0	0
611	2016-05-24 06:08:57.32	2016-05-24 06:08:57.87	6	-1	1	0	0	0	0	0	0	0	0	0	0
611	2016-05-24 06:09:29.26	2016-05-24 06:09:29.32	5	1	0	0	0	0	0	0	0	0	0	0	0
612	2016-05-24 06:09:43.42	2016-05-24 06:09:43.93	6	-1	1	0	0	0	0	0	0	0	0	0	0
612	2016-05-24 06:09:43.95	2016-05-24 06:09:44.00	6	-1	1	0	0	0	0	0	0	0	0	0	0
612	2016-05-24 06:09:44.01	2016-05-24 06:09:44.03	6	-1	1	0	0	0	0	0	0	0	0	0	0
612	2016-05-24 06:10:00.29	2016-05-24 06:10:00.50	6	-1	1	0	0	0	0	0	0	0	0	0	0
612	2016-05-24 06:10:11.59	2016-05-24 06:10:11.73	5	1	0	0	0	0	0	0	0	0	0	0	0
613	2016-05-24 06:10:21.93	2016-05-24 06:10:22.73	5	1	0	0	0	0	0	0	0	0	0	0	0
614	2016-05-24 06:10:30.32	2016-05-24 06:10:31.00	6	-1	1	0	0	0	0	0	0	0	0	0	0
615	2016-05-24 06:19:56.28	2016-05-24 06:19:56.87	5	1	0	0	0	0	0	0	0	0	0	0	0
616	2016-05-24 06:20:37.87	2016-05-24 06:20:38.65	5	1	0	0	0	0	0	0	0	0	0	0	0
617	2016-05-24 06:22:50.65	2016-05-24 06:22:51.26	5	1	0	0	0	0	0	0	0	0	0	0	0
618	2016-05-24 06:24:33.54	2016-05-24 06:24:33.90	6	-1	1	0	0	0	0	0	0	0	0	0	0
618	2016-05-24 06:24:56.43	2016-05-24 06:24:58.40	5	1	0	0	0	0	0	0	0	0	0	0	0
618	2016-05-24 06:25:04.89	2016-05-24 06:25:05.31	6	-1	1	0	0	0	0	0	0	0	0	0	0
618	2016-05-24 06:25:13.53	2016-05-24 06:25:13.92	5	1	0	0	0	0	0	0	0	0	0	0	0
618	2016-05-24 06:25:38.59	2016-05-24 06:25:38.62	6	-1	1	0	0	0	0	0	0	0	0	0	0
619	2016-05-24 06:26:41.10	2016-05-24 06:26:41.26	5	1	0	0	0	0	0	0	0	0	0	0	0
619	2016-05-24 06:26:43.03	2016-05-24 06:26:43.40	6	-1	1	0	0	0	0	0	0	0	0	0	0
620	2016-05-24 06:27:47.37	2016-05-24 06:27:47.65	5	1	0	0	0	0	0	0	0	0	0	0	0
620	2016-05-24 06:27:48.14	2016-05-24 06:27:48.28	5	1	0	0	0	0	0	0	0	0	0	0	0
620	2016-05-24 06:27:48.40	2016-05-24 06:27:48.53	5	1	0	0	0	0	0	0	0	0	0	0	0
620	2016-05-24 06:27:48.56	2016-05-24 06:27:48.57	5	1	0	0	0	0	0	0	0	0	0	0	0
623	2016-05-24 06:31:51.21	2016-05-24 06:31:51.92	5	1	0	0	0	0	0	0	0	0	0	0	0
625	2016-05-24 06:36:48.20	2016-05-24 06:36:49.18	5	1	0	0	0	0	0	0	0	0	0	0	0
626	2016-05-24 06:37:12.81	2016-05-24 06:37:13.21	6	-1	1	0	0	0	0	0	0	0	0	0	0
626	2016-05-24 06:37:14.82	2016-05-24 06:37:15.81	6	-1	1	0	0	0	0	0	0	0	0	0	0
628	2016-05-24 06:39:22.93	2016-05-24 06:39:23.57	6	-1	1	0	0	0	0	0	0	0	0	0	0
628	2016-05-24 06:39:24.90	2016-05-24 06:39:25.23	6	-1	1	0	0	0	0	0	0	0	0	0	0
628	2016-05-24 06:39:29.67	2016-05-24 06:39:31.01	5	1	0	0	0	0	0	0	0	0	0	0	0
628	2016-05-24 06:39:43.14	2016-05-24 06:39:43.40	5	1	0	0	0	0	0	0	0	0	0	0	0
629	2016-05-24 06:40:11.06	2016-05-24 06:40:11.07	6	-1	1	0	0	0	0	0	0	0	0	0	0
629	2016-05-24 06:40:11.04	2016-05-24 06:40:11.10	5	1	0	0	0	0	0	0	0	0	0	0	0
629	2016-05-24 06:40:11.09	2016-05-24 06:40:11.18	6	-1	1	0	0	0	0	0	0	0	0	0	0
629	2016-05-24 06:40:11.15	2016-05-24 06:40:11.34	5	1	0	0	0	0	0	0	0	0	0	0	0
629	2016-05-24 06:40:11.37	2016-05-24 06:40:11.45	6	-1	1	0	0	0	0	0	0	0	0	0	0
629	2016-05-24 06:40:11.48	2016-05-24 06:40:11.50	6	-1	1	0	0	0	0	0	0	0	0	0	0
629	2016-05-24 06:40:11.51	2016-05-24 06:40:11.67	5	1	0	0	0	0	0	0	0	0	0	0	0
629	2016-05-24 06:40:11.70	2016-05-24 06:40:11.96	6	-1	1	0	0	0	0	0	0	0	0	0	0
629	2016-05-24 06:40:12.04	2016-05-24 06:40:12.34	6	-1	1	0	0	0	0	0	0	0	0	0	0
629	2016-05-24 06:40:12.37	2016-05-24 06:40:13.01	6	-1	1	0	0	0	0	0	0	0	0	0	0
629	2016-05-24 06:40:14.17	2016-05-24 06:40:14.20	5	1	0	0	0	0	0	0	0	0	0	0	0
630	2016-05-24 06:40:28.45	2016-05-24 06:40:29.18	5	1	0	0	0	0	0	0	0	0	0	0	0
630	2016-05-24 06:40:30.79	2016-05-24 06:40:31.48	6	-1	1	0	0	0	0	0	0	0	0	0	0
635	2016-05-24 06:45:06.18	2016-05-24 06:45:06.87	5	1	0	0	0	0	0	0	0	0	0	0	0
637	2016-05-24 06:48:43.79	2016-05-24 06:48:44.06	6	-1	1	0	0	0	0	0	0	0	0	0	0
637	2016-05-24 06:48:45.42	2016-05-24 06:48:46.04	6	-1	1	0	0	0	0	0	0	0	0	0	0
638	2016-05-24 06:50:49.09	2016-05-24 06:50:49.18	5	1	0	0	0	0	0	0	0	0	0	0	0
638	2016-05-24 06:51:12.25	2016-05-24 06:51:12.68	5	1	0	0	0	0	0	0	0	0	0	0	0
639	2016-05-24 06:52:26.96	2016-05-24 06:52:27.42	5	1	0	0	0	0	0	0	0	0	0	0	0
639	2016-05-24 06:52:35.20	2016-05-24 06:52:36.35	6	-1	1	0	0	0	0	0	0	0	0	0	0
640	2016-05-24 06:56:15.89	2016-05-24 06:56:17.15	5	1	0	0	0	0	0	0	0	0	0	0	0
644	2016-05-24 06:57:34.21	2016-05-24 06:57:34.42	6	-1	1	0	0	0	0	0	0	0	0	0	0
644	2016-05-24 06:57:34.48	2016-05-24 06:57:34.67	6	-1	1	0	0	0	0	0	0	0	0	0	0
644	2016-05-24 06:57:34.75	2016-05-24 06:57:34.89	6	-1	1	0	0	0	0	0	0	0	0	0	0
644	2016-05-24 06:57:34.98	2016-05-24 06:57:35.17	6	-1	1	0	0	0	0	0	0	0	0	0	0
644	2016-05-24 06:57:35.15	2016-05-24 06:57:35.84	5	1	0	0	0	0	0	0	0	0	0	0	0
646	2016-05-24 06:57:55.03	2016-05-24 06:57:55.45	6	-1	1	0	0	0	0	0	0	0	0	0	0
651	2016-05-24 07:17:15.21	2016-05-24 07:17:15.68	6	-1	1	0	0	0	0	0	0	0	0	0	0
651	2016-05-24 07:17:23.32	2016-05-24 07:17:24.15	5	1	0	0	0	0	0	0	0	0	0	0	0
651	2016-05-24 07:17:26.06	2016-05-24 07:17:26.25	5	1	0	0	0	0	0	0	0	0	0	0	0
651	2016-05-24 07:17:35.37	2016-05-24 07:17:35.45	5	1	0	0	0	0	0	0	0	0	0	0	0
651	2016-05-24 07:17:35.59	2016-05-24 07:17:35.79	5	1	0	0	0	0	0	0	0	0	0	0	0
651	2016-05-24 07:17:37.21	2016-05-24 07:17:37.84	5	1	0	0	0	0	0	0	0	0	0	0	0
651	2016-05-24 07:17:46.03	2016-05-24 07:17:47.21	5	1	0	0	0	0	0	0	0	0	0	0	0
652	2016-05-24 07:19:32.67	2016-05-24 07:19:32.70	5	1	0	0	0	0	0	0	0	0	0	0	0
652	2016-05-24 07:19:33.56	2016-05-24 07:19:33.75	5	1	0	0	0	0	0	0	0	0	0	0	0
652	2016-05-24 07:19:34.75	2016-05-24 07:19:46.04	5	1	0	0	0	0	0	0	0	0	0	0	0
652	2016-05-24 07:19:46.28	2016-05-24 07:19:49.23	5	1	0	0	0	0	0	0	0	0	0	0	0
652	2016-05-24 07:20:07.93	2016-05-24 07:20:08.59	5	1	0	0	0	0	0	0	0	0	0	0	0
652	2016-05-24 07:20:08.62	2016-05-24 07:20:08.75	5	1	0	0	0	0	0	0	0	0	0	0	0
653	2016-05-24 07:20:19.31	2016-05-24 07:20:20.20	5	1	0	0	0	0	0	0	0	0	0	0	0
653	2016-05-24 07:20:20.32	2016-05-24 07:20:22.21	5	1	0	0	0	0	0	0	0	0	0	0	0
655	2016-05-24 07:21:08.62	2016-05-24 07:21:08.98	5	1	0	0	0	0	0	0	0	0	0	0	0
656	2016-05-24 07:21:12.92	2016-05-24 07:21:18.29	5	1	0	0	0	0	0	0	0	0	0	0	0
657	2016-05-24 07:21:31.26	2016-05-24 07:21:31.87	6	-1	1	0	0	0	0	0	0	0	0	0	0
660	2016-05-24 07:22:59.67	2016-05-24 07:23:00.60	5	1	0	0	0	0	0	0	0	0	0	0	0
665	2016-05-24 07:26:27.84	2016-05-24 07:26:27.98	6	-1	1	0	0	0	0	0	0	0	0	0	0
665	2016-05-24 07:26:28.01	2016-05-24 07:26:29.26	6	-1	1	0	0	0	0	0	0	0	0	0	0
665	2016-05-24 07:26:29.79	2016-05-24 07:26:30.57	6	-1	1	0	0	0	0	0	0	0	0	0	0
665	2016-05-24 07:26:36.28	2016-05-24 07:26:37.28	6	-1	1	0	0	0	0	0	0	0	0	0	0
665	2016-05-24 07:26:39.18	2016-05-24 07:26:39.43	5	1	0	0	0	0	0	0	0	0	0	0	0
665	2016-05-24 07:26:39.50	2016-05-24 07:26:39.60	5	1	0	0	0	0	0	0	0	0	0	0	0
665	2016-05-24 07:26:39.67	2016-05-24 07:26:39.68	5	1	0	0	0	0	0	0	0	0	0	0	0
665	2016-05-24 07:26:39.53	2016-05-24 07:26:39.70	6	-1	1	0	0	0	0	0	0	0	0	0	0
665	2016-05-24 07:26:39.89	2016-05-24 07:26:40.06	5	1	0	0	0	0	0	0	0	0	0	0	0
665	2016-05-24 07:26:41.37	2016-05-24 07:26:42.15	6	-1	1	0	0	0	0	0	0	0	0	0	0
666	2016-05-24 07:27:02.34	2016-05-24 07:27:02.43	6	-1	1	0	0	0	0	0	0	0	0	0	0
666	2016-05-24 07:27:03.34	2016-05-24 07:27:04.48	5	1	0	0	0	0	0	0	0	0	0	0	0
667	2016-05-24 07:27:44.79	2016-05-24 07:27:45.32	5	1	0	0	0	0	0	0	0	0	0	0	0
668	2016-05-24 07:27:52.73	2016-05-24 07:27:53.09	6	-1	1	0	0	0	0	0	0	0	0	0	0
668	2016-05-24 07:28:23.93	2016-05-24 07:28:24.28	6	-1	1	0	0	0	0	0	0	0	0	0	0
668	2016-05-24 07:28:24.35	2016-05-24 07:28:24.40	5	1	0	0	0	0	0	0	0	0	0	0	0
668	2016-05-24 07:28:24.46	2016-05-24 07:28:24.75	6	-1	1	0	0	0	0	0	0	0	0	0	0
668	2016-05-24 07:28:25.20	2016-05-24 07:28:26.12	5	1	0	0	0	0	0	0	0	0	0	0	0
669	2016-05-24 07:28:55.45	2016-05-24 07:28:57.35	5	1	0	0	0	0	0	0	0	0	0	0	0
669	2016-05-24 07:28:57.39	2016-05-24 07:28:57.42	5	1	0	0	0	0	0	0	0	0	0	0	0
672	2016-05-24 07:29:18.31	2016-05-24 07:29:18.78	6	-1	1	0	0	0	0	0	0	0	0	0	0
674	2016-05-24 07:29:45.25	2016-05-24 07:29:45.26	5	1	0	0	0	0	0	0	0	0	0	0	0
674	2016-05-24 07:29:47.50	2016-05-24 07:29:48.00	5	1	0	0	0	0	0	0	0	0	0	0	0
674	2016-05-24 07:29:55.82	2016-05-24 07:29:55.95	5	1	0	0	0	0	0	0	0	0	0	0	0
674	2016-05-24 07:29:56.20	2016-05-24 07:29:56.51	5	1	0	0	0	0	0	0	0	0	0	0	0
674	2016-05-24 07:29:57.04	2016-05-24 07:29:57.07	5	1	0	0	0	0	0	0	0	0	0	0	0
677	2016-05-24 07:32:36.85	2016-05-24 07:32:37.37	6	-1	1	0	0	0	0	0	0	0	0	0	0
677	2016-05-24 07:32:44.85	2016-05-24 07:32:45.34	6	-1	1	0	0	0	0	0	0	0	0	0	0
677	2016-05-24 07:32:45.15	2016-05-24 07:32:46.46	5	1	0	0	0	0	0	0	0	0	0	0	0
677	2016-05-24 07:32:51.04	2016-05-24 07:32:52.21	5	1	0	0	0	0	0	0	0	0	0	0	0
677	2016-05-24 07:32:52.84	2016-05-24 07:32:57.32	5	1	0	0	0	0	0	0	0	0	0	0	0
678	2016-05-24 07:33:16.76	2016-05-24 07:33:16.85	5	1	0	0	0	0	0	0	0	0	0	0	0
678	2016-05-24 07:33:27.45	2016-05-24 07:33:27.53	6	-1	1	0	0	0	0	0	0	0	0	0	0
678	2016-05-24 07:33:27.60	2016-05-24 07:33:27.64	6	-1	1	0	0	0	0	0	0	0	0	0	0
678	2016-05-24 07:33:33.95	2016-05-24 07:33:34.25	6	-1	1	0	0	0	0	0	0	0	0	0	0
678	2016-05-24 07:33:34.68	2016-05-24 07:33:34.70	6	-1	1	0	0	0	0	0	0	0	0	0	0
678	2016-05-24 07:33:39.14	2016-05-24 07:33:40.18	6	-1	1	0	0	0	0	0	0	0	0	0	0
678	2016-05-24 07:33:41.64	2016-05-24 07:33:42.59	6	-1	1	0	0	0	0	0	0	0	0	0	0
678	2016-05-24 07:34:18.78	2016-05-24 07:34:19.25	5	1	0	0	0	0	0	0	0	0	0	0	0
678	2016-05-24 07:34:26.43	2016-05-24 07:34:27.73	5	1	0	0	0	0	0	0	0	0	0	0	0
680	2016-05-24 07:34:29.93	2016-05-24 07:34:31.18	6	-1	1	0	0	0	0	0	0	0	0	0	0
690	2016-05-24 07:38:28.64	2016-05-24 07:38:28.81	6	-1	1	0	0	0	0	0	0	0	0	0	0
690	2016-05-24 07:38:28.78	2016-05-24 07:38:28.84	5	1	0	0	0	0	0	0	0	0	0	0	0
690	2016-05-24 07:38:28.84	2016-05-24 07:38:29.37	6	-1	1	0	0	0	0	0	0	0	0	0	0
690	2016-05-24 07:38:31.25	2016-05-24 07:38:31.37	6	-1	1	0	0	0	0	0	0	0	0	0	0
690	2016-05-24 07:38:37.78	2016-05-24 07:38:38.62	6	-1	1	0	0	0	0	0	0	0	0	0	0
690	2016-05-24 07:38:29.67	2016-05-24 07:38:46.18	5	1	0	0	0	0	0	0	0	0	0	0	0
693	2016-05-24 07:39:38.07	2016-05-24 07:39:38.60	5	1	0	0	0	0	0	0	0	0	0	0	0
697	2016-05-24 07:41:48.23	2016-05-24 07:41:48.28	5	1	0	0	0	0	0	0	0	0	0	0	0
697	2016-05-24 07:41:48.32	2016-05-24 07:41:48.96	5	1	0	0	0	0	0	0	0	0	0	0	0
700	2016-05-24 07:46:35.84	2016-05-24 07:46:36.04	5	1	0	0	0	0	0	0	0	0	0	0	0
700	2016-05-24 07:46:38.48	2016-05-24 07:46:39.50	6	-1	1	0	0	0	0	0	0	0	0	0	0
700	2016-05-24 07:46:56.25	2016-05-24 07:46:56.51	5	1	0	0	0	0	0	0	0	0	0	0	0
701	2016-05-24 07:47:26.43	2016-05-24 07:47:27.43	5	1	0	0	0	0	0	0	0	0	0	0	0
701	2016-05-24 07:47:27.71	2016-05-24 07:47:27.71	5	1	0	0	0	0	0	0	0	0	0	0	0
701	2016-05-24 07:48:12.00	2016-05-24 07:48:12.35	5	1	0	0	0	0	0	0	0	0	0	0	0
701	2016-05-24 07:48:29.54	2016-05-24 07:48:29.67	6	-1	1	0	0	0	0	0	0	0	0	0	0
701	2016-05-24 07:48:35.50	2016-05-24 07:48:35.79	5	1	0	0	0	0	0	0	0	0	0	0	0
701	2016-05-24 07:48:35.65	2016-05-24 07:48:35.79	6	-1	1	0	0	0	0	0	0	0	0	0	0
701	2016-05-24 07:48:35.82	2016-05-24 07:48:36.28	5	1	0	0	0	0	0	0	0	0	0	0	0
701	2016-05-24 07:48:37.64	2016-05-24 07:48:37.93	6	-1	1	0	0	0	0	0	0	0	0	0	0
701	2016-05-24 07:48:38.00	2016-05-24 07:48:38.12	6	-1	1	0	0	0	0	0	0	0	0	0	0
702	2016-05-24 07:52:44.32	2016-05-24 07:52:45.17	5	1	0	0	0	0	0	0	0	0	0	0	0
702	2016-05-24 07:53:01.00	2016-05-24 07:53:01.98	6	-1	1	0	0	0	0	0	0	0	0	0	0
702	2016-05-24 07:53:01.62	2016-05-24 07:53:02.90	5	1	0	0	0	0	0	0	0	0	0	0	0
705	2016-05-24 07:54:01.35	2016-05-24 07:54:01.43	6	-1	1	0	0	0	0	0	0	0	0	0	0
705	2016-05-24 07:54:02.14	2016-05-24 07:54:02.40	6	-1	1	0	0	0	0	0	0	0	0	0	0
705	2016-05-24 07:54:15.64	2016-05-24 07:54:16.43	5	1	0	0	0	0	0	0	0	0	0	0	0
705	2016-05-24 07:54:18.50	2016-05-24 07:54:19.14	6	-1	1	0	0	0	0	0	0	0	0	0	0
705	2016-05-24 07:54:21.81	2016-05-24 07:54:21.84	6	-1	1	0	0	0	0	0	0	0	0	0	0
705	2016-05-24 07:54:22.03	2016-05-24 07:54:22.64	6	-1	1	0	0	0	0	0	0	0	0	0	0
706	2016-05-24 07:55:06.28	2016-05-24 07:55:06.31	6	-1	1	0	0	0	0	0	0	0	0	0	0
706	2016-05-24 07:55:06.50	2016-05-24 07:55:09.10	6	-1	1	0	0	0	0	0	0	0	0	0	0
706	2016-05-24 07:55:09.15	2016-05-24 07:55:09.20	6	-1	1	0	0	0	0	0	0	0	0	0	0
706	2016-05-24 07:56:12.96	2016-05-24 07:56:15.71	5	1	0	0	0	0	0	0	0	0	0	0	0
706	2016-05-24 07:56:15.85	2016-05-24 07:56:16.29	5	1	0	0	0	0	0	0	0	0	0	0	0
706	2016-05-24 07:57:10.70	2016-05-24 07:57:11.20	6	-1	1	0	0	0	0	0	0	0	0	0	0
706	2016-05-24 07:58:06.37	2016-05-24 07:58:06.71	5	1	0	0	0	0	0	0	0	0	0	0	0
709	2016-05-24 08:05:01.76	2016-05-24 08:05:02.23	5	1	0	0	0	0	0	0	0	0	0	0	0
711	2016-05-24 08:05:45.34	2016-05-24 08:05:45.35	5	1	0	0	0	0	0	0	0	0	0	0	0
711	2016-05-24 08:05:45.40	2016-05-24 08:05:45.42	5	1	0	0	0	0	0	0	0	0	0	0	0
711	2016-05-24 08:05:51.93	2016-05-24 08:05:52.12	5	1	0	0	0	0	0	0	0	0	0	0	0
711	2016-05-24 08:05:52.23	2016-05-24 08:05:52.59	5	1	0	0	0	0	0	0	0	0	0	0	0
711	2016-05-24 08:05:52.60	2016-05-24 08:05:52.76	5	1	0	0	0	0	0	0	0	0	0	0	0
711	2016-05-24 08:05:53.51	2016-05-24 08:05:54.89	6	-1	1	0	0	0	0	0	0	0	0	0	0
712	2016-05-24 08:06:08.68	2016-05-24 08:06:10.06	5	1	0	0	0	0	0	0	0	0	0	0	0
713	2016-05-24 08:06:33.34	2016-05-24 08:06:34.04	5	1	0	0	0	0	0	0	0	0	0	0	0
715	2016-05-24 08:09:05.71	2016-05-24 08:09:06.64	6	-1	1	0	0	0	0	0	0	0	0	0	0
715	2016-05-24 08:09:12.84	2016-05-24 08:09:12.89	5	1	0	0	0	0	0	0	0	0	0	0	0
717	2016-05-24 08:11:14.82	2016-05-24 08:11:15.64	5	1	0	0	0	0	0	0	0	0	0	0	0
717	2016-05-24 08:11:16.54	2016-05-24 08:11:17.21	5	1	0	0	0	0	0	0	0	0	0	0	0
718	2016-05-24 08:12:05.89	2016-05-24 08:12:06.15	5	1	0	0	0	0	0	0	0	0	0	0	0
719	2016-05-24 08:14:09.06	2016-05-24 08:14:09.68	6	-1	1	0	0	0	0	0	0	0	0	0	0
719	2016-05-24 08:14:09.82	2016-05-24 08:14:10.37	6	-1	1	0	0	0	0	0	0	0	0	0	0
720	2016-05-24 08:15:08.46	2016-05-24 08:15:08.57	5	1	0	0	0	0	0	0	0	0	0	0	0
723	2016-05-24 09:31:51.09	2016-05-24 09:31:51.12	5	1	0	0	0	0	0	0	0	0	0	0	0
723	2016-05-24 09:31:59.39	2016-05-24 09:31:59.90	6	-1	1	0	0	0	0	0	0	0	0	0	0
724	2016-05-24 09:33:45.90	2016-05-24 09:33:46.50	5	1	0	0	0	0	0	0	0	0	0	0	0
725	2016-05-24 09:36:38.37	2016-05-24 09:36:38.42	5	1	0	0	0	0	0	0	0	0	0	0	0
725	2016-05-24 09:36:38.45	2016-05-24 09:36:38.50	5	1	0	0	0	0	0	0	0	0	0	0	0
725	2016-05-24 09:36:38.56	2016-05-24 09:36:38.59	5	1	0	0	0	0	0	0	0	0	0	0	0
726	2016-05-24 09:38:40.64	2016-05-24 09:38:40.81	5	1	0	0	0	0	0	0	0	0	0	0	0
728	2016-05-24 09:40:18.01	2016-05-24 09:40:19.85	5	1	0	0	0	0	0	0	0	0	0	0	0
729	2016-05-24 09:45:01.82	2016-05-24 09:45:02.70	5	1	0	0	0	0	0	0	0	0	0	0	0
729	2016-05-24 09:45:04.67	2016-05-24 09:45:05.28	6	-1	1	0	0	0	0	0	0	0	0	0	0
729	2016-05-24 09:45:12.25	2016-05-24 09:45:18.07	5	1	0	0	0	0	0	0	0	0	0	0	0
730	2016-05-24 09:45:24.12	2016-05-24 09:45:26.31	6	-1	1	0	0	0	0	0	0	0	0	0	0
730	2016-05-24 09:45:52.79	2016-05-24 09:45:52.89	5	1	0	0	0	0	0	0	0	0	0	0	0
730	2016-05-24 09:45:53.06	2016-05-24 09:45:53.84	5	1	0	0	0	0	0	0	0	0	0	0	0
731	2016-05-24 09:46:10.03	2016-05-24 09:46:10.28	5	1	0	0	0	0	0	0	0	0	0	0	0
731	2016-05-24 09:46:14.75	2016-05-24 09:46:16.39	6	-1	1	0	0	0	0	0	0	0	0	0	0
731	2016-05-24 09:46:16.51	2016-05-24 09:46:16.89	6	-1	1	0	0	0	0	0	0	0	0	0	0
732	2016-05-24 09:48:05.00	2016-05-24 09:48:05.42	5	1	0	0	0	0	0	0	0	0	0	0	0
732	2016-05-24 09:48:05.40	2016-05-24 09:48:05.75	6	-1	1	0	0	0	0	0	0	0	0	0	0
732	2016-05-24 09:48:05.84	2016-05-24 09:48:06.00	6	-1	1	0	0	0	0	0	0	0	0	0	0
732	2016-05-24 09:48:06.17	2016-05-24 09:48:06.54	6	-1	1	0	0	0	0	0	0	0	0	0	0
732	2016-05-24 09:48:06.29	2016-05-24 09:48:07.51	5	1	0	0	0	0	0	0	0	0	0	0	0
732	2016-05-24 09:48:07.70	2016-05-24 09:48:07.84	5	1	0	0	0	0	0	0	0	0	0	0	0
732	2016-05-24 09:48:09.45	2016-05-24 09:48:10.00	5	1	0	0	0	0	0	0	0	0	0	0	0
732	2016-05-24 09:48:12.03	2016-05-24 09:48:13.37	5	1	0	0	0	0	0	0	0	0	0	0	0
732	2016-05-24 09:48:14.18	2016-05-24 09:48:17.43	5	1	0	0	0	0	0	0	0	0	0	0	0
732	2016-05-24 09:48:17.60	2016-05-24 09:48:17.68	5	1	0	0	0	0	0	0	0	0	0	0	0
732	2016-05-24 09:48:17.71	2016-05-24 09:48:17.98	5	1	0	0	0	0	0	0	0	0	0	0	0
733	2016-05-24 09:48:47.17	2016-05-24 09:48:47.43	5	1	0	0	0	0	0	0	0	0	0	0	0
733	2016-05-24 09:48:47.42	2016-05-24 09:48:47.78	6	-1	1	0	0	0	0	0	0	0	0	0	0
733	2016-05-24 09:48:47.95	2016-05-24 09:48:48.01	6	-1	1	0	0	0	0	0	0	0	0	0	0
733	2016-05-24 09:48:48.15	2016-05-24 09:48:48.17	5	1	0	0	0	0	0	0	0	0	0	0	0
733	2016-05-24 09:48:48.21	2016-05-24 09:48:48.56	5	1	0	0	0	0	0	0	0	0	0	0	0
733	2016-05-24 09:48:48.95	2016-05-24 09:48:49.01	5	1	0	0	0	0	0	0	0	0	0	0	0
734	2016-05-24 09:49:25.70	2016-05-24 09:49:27.43	5	1	0	0	0	0	0	0	0	0	0	0	0
735	2016-05-24 09:50:10.45	2016-05-24 09:50:10.51	5	1	0	0	0	0	0	0	0	0	0	0	0
735	2016-05-24 09:50:11.68	2016-05-24 09:50:12.20	5	1	0	0	0	0	0	0	0	0	0	0	0
735	2016-05-24 09:50:12.39	2016-05-24 09:50:12.98	5	1	0	0	0	0	0	0	0	0	0	0	0
736	2016-05-24 09:50:57.14	2016-05-24 09:50:57.26	6	-1	1	0	0	0	0	0	0	0	0	0	0
736	2016-05-24 09:50:57.42	2016-05-24 09:50:57.71	6	-1	1	0	0	0	0	0	0	0	0	0	0
737	2016-05-24 09:51:18.81	2016-05-24 09:51:19.14	6	-1	1	0	0	0	0	0	0	0	0	0	0
737	2016-05-24 09:51:19.51	2016-05-24 09:51:19.65	6	-1	1	0	0	0	0	0	0	0	0	0	0
737	2016-05-24 09:51:21.92	2016-05-24 09:51:21.96	6	-1	1	0	0	0	0	0	0	0	0	0	0
737	2016-05-24 09:51:22.59	2016-05-24 09:51:22.82	6	-1	1	0	0	0	0	0	0	0	0	0	0
737	2016-05-24 09:51:22.90	2016-05-24 09:51:23.54	6	-1	1	0	0	0	0	0	0	0	0	0	0
737	2016-05-24 09:51:23.71	2016-05-24 09:51:23.96	6	-1	1	0	0	0	0	0	0	0	0	0	0
737	2016-05-24 09:51:35.12	2016-05-24 09:51:36.28	6	-1	1	0	0	0	0	0	0	0	0	0	0
737	2016-05-24 09:51:37.64	2016-05-24 09:51:37.84	6	-1	1	0	0	0	0	0	0	0	0	0	0
737	2016-05-24 09:51:38.42	2016-05-24 09:51:38.45	6	-1	1	0	0	0	0	0	0	0	0	0	0
737	2016-05-24 09:51:38.93	2016-05-24 09:51:39.40	6	-1	1	0	0	0	0	0	0	0	0	0	0
737	2016-05-24 09:52:27.48	2016-05-24 09:52:27.56	6	-1	1	0	0	0	0	0	0	0	0	0	0
738	2016-05-24 09:52:35.21	2016-05-24 09:52:36.17	5	1	0	0	0	0	0	0	0	0	0	0	0
738	2016-05-24 09:52:43.37	2016-05-24 09:52:43.46	6	-1	1	0	0	0	0	0	0	0	0	0	0
738	2016-05-24 09:52:58.85	2016-05-24 09:52:59.60	5	1	0	0	0	0	0	0	0	0	0	0	0
738	2016-05-24 09:53:00.21	2016-05-24 09:53:01.09	5	1	0	0	0	0	0	0	0	0	0	0	0
738	2016-05-24 09:53:02.34	2016-05-24 09:53:03.18	6	-1	1	0	0	0	0	0	0	0	0	0	0
740	2016-05-24 09:56:21.59	2016-05-24 09:56:22.39	5	1	0	0	0	0	0	0	0	0	0	0	0
740	2016-05-24 09:56:22.46	2016-05-24 09:56:24.20	5	1	0	0	0	0	0	0	0	0	0	0	0
741	2016-05-24 09:59:57.90	2016-05-24 09:59:58.64	5	1	0	0	0	0	0	0	0	0	0	0	0
741	2016-05-24 10:00:00.67	2016-05-24 10:00:01.54	5	1	0	0	0	0	0	0	0	0	0	0	0
741	2016-05-24 10:00:05.18	2016-05-24 10:00:05.26	6	-1	1	0	0	0	0	0	0	0	0	0	0
741	2016-05-24 10:00:05.29	2016-05-24 10:00:05.31	6	-1	1	0	0	0	0	0	0	0	0	0	0
741	2016-05-24 10:00:06.81	2016-05-24 10:00:06.90	6	-1	1	0	0	0	0	0	0	0	0	0	0
743	2016-05-24 10:00:29.60	2016-05-24 10:00:29.65	5	1	0	0	0	0	0	0	0	0	0	0	0
743	2016-05-24 10:00:30.01	2016-05-24 10:00:30.50	5	1	0	0	0	0	0	0	0	0	0	0	0
743	2016-05-24 10:00:35.45	2016-05-24 10:00:35.89	6	-1	1	0	0	0	0	0	0	0	0	0	0
745	2016-05-24 10:09:29.46	2016-05-24 10:09:30.17	6	-1	1	0	0	0	0	0	0	0	0	0	0
745	2016-05-24 10:09:32.14	2016-05-24 10:09:32.39	6	-1	1	0	0	0	0	0	0	0	0	0	0
745	2016-05-24 10:09:32.67	2016-05-24 10:09:33.45	6	-1	1	0	0	0	0	0	0	0	0	0	0
745	2016-05-24 10:09:38.40	2016-05-24 10:09:39.09	5	1	0	0	0	0	0	0	0	0	0	0	0
745	2016-05-24 10:09:39.48	2016-05-24 10:09:39.53	5	1	0	0	0	0	0	0	0	0	0	0	0
751	2016-05-24 10:59:40.51	2016-05-24 10:59:40.89	6	-1	1	0	0	0	0	0	0	0	0	0	0
751	2016-05-24 10:59:43.28	2016-05-24 10:59:44.29	6	-1	1	0	0	0	0	0	0	0	0	0	0
